  3   6    2.500   12.00  0.780 8.560000e+03 2.568000e+01 Heimlich:1973
  3   6    2.500   12.00  0.760 8.640000e+03 2.592000e+01 Heimlich:1973
  3   6    2.500   12.00  0.740 8.960000e+03 2.688000e+01 Heimlich:1973
  3   6    2.500   12.00  0.720 9.100000e+03 2.730000e+01 Heimlich:1973
  3   6    2.500   12.00  0.700 9.270000e+03 2.781000e+01 Heimlich:1973
  3   6    2.500   12.00  0.680 9.810000e+03 3.041100e+01 Heimlich:1973
  3   6    2.500   12.00  0.660 9.920000e+03 3.174400e+01 Heimlich:1973
  3   6    2.500   12.00  0.640 1.070000e+04 3.638000e+01 Heimlich:1973
  3   6    2.500   12.00  0.620 1.128000e+04 4.060800e+01 Heimlich:1973
  3   6    2.500   12.00  0.600 1.201000e+04 4.563800e+01 Heimlich:1973
  3   6    2.500   12.00  0.580 1.288000e+04 5.280800e+01 Heimlich:1973
  3   6    2.500   12.00  0.560 1.331000e+04 5.590200e+01 Heimlich:1973
  3   6    2.500   12.00  0.540 1.430000e+04 6.292000e+01 Heimlich:1973
  3   6    2.500   12.00  0.520 1.531000e+04 7.348800e+01 Heimlich:1973
  3   6    2.500   12.00  0.500 1.567000e+04 7.678300e+01 Heimlich:1973
  3   6    2.500   12.00  0.480 1.646000e+04 8.394600e+01 Heimlich:1973
  3   6    2.500   12.00  0.460 1.676000e+04 8.715200e+01 Heimlich:1973
  3   6    2.500   12.00  0.440 1.658000e+04 8.455800e+01 Heimlich:1973
  3   6    2.500   12.00  0.420 1.553000e+04 7.454400e+01 Heimlich:1973
  3   6    2.500   12.00  0.400 1.521000e+04 7.148700e+01 Heimlich:1973
  3   6    2.500   12.00  0.380 1.364000e+04 5.865200e+01 Heimlich:1973
  3   6    2.500   12.00  0.360 1.320000e+04 5.412000e+01 Heimlich:1973
  3   6    2.500   12.00  0.340 1.203000e+04 4.571400e+01 Heimlich:1973
  3   6    2.500   12.00  0.320 1.201000e+04 4.563800e+01 Heimlich:1973
  3   6    2.500   12.00  0.300 1.219000e+04 4.754100e+01 Heimlich:1973
  3   6    2.500   12.00  0.280 1.387000e+04 5.964100e+01 Heimlich:1973
  3   6    2.500   12.00  0.260 1.618000e+04 8.090000e+01 Heimlich:1973
  3   6    2.500   12.00  0.240 2.009000e+04 1.245580e+02 Heimlich:1973
  3   6    2.500   12.00  0.220 2.597000e+04 2.077600e+02 Heimlich:1973
  3   6    2.500   12.00  0.200 3.174000e+04 3.078780e+02 Heimlich:1973
  3   6    2.500   12.00  0.180 3.565000e+04 3.885850e+02 Heimlich:1973
  3   6    2.500   12.00  0.160 3.773000e+04 4.338950e+02 Heimlich:1973
  3   6    2.500   12.00  0.140 3.196000e+04 3.132080e+02 Heimlich:1973
  3   6    2.500   12.00  0.120 2.435000e+04 1.826250e+02 Heimlich:1973
  3   6    2.500   12.00  0.100 1.465000e+04 6.739000e+01 Heimlich:1973
  3   6    2.500   12.00  0.080 7.970000e+03 2.072200e+01 Heimlich:1973
  3   6    2.500   12.00  0.060 3.090000e+03 3.708000e+00 Heimlich:1973
  3   6    2.500   12.00  0.040 9.900000e+02 4.950000e-01 Heimlich:1973
  3   6    2.500   12.00  0.020 2.100000e+02 6.300000e-02 Heimlich:1973
  3   6    2.500   12.00  0.000 4.000000e+01 8.000000e-03 Heimlich:1973
  3   6    2.700   13.80  0.980 4.930000e+03 8.874000e+00 Heimlich:1973
  3   6    2.700   13.80  0.960 4.860000e+03 8.262000e+00 Heimlich:1973
  3   6    2.700   13.80  0.940 5.070000e+03 8.619000e+00 Heimlich:1973
  3   6    2.700   13.80  0.920 5.130000e+03 8.721000e+00 Heimlich:1973
  3   6    2.700   13.80  0.900 5.350000e+03 9.095000e+00 Heimlich:1973
  3   6    2.700   13.80  0.880 5.380000e+03 9.146000e+00 Heimlich:1973
  3   6    2.700   13.80  0.860 5.490000e+03 9.882000e+00 Heimlich:1973
  3   6    2.700   13.80  0.840 5.470000e+03 9.846000e+00 Heimlich:1973
  3   6    2.700   13.80  0.820 5.590000e+03 1.006200e+01 Heimlich:1973
  3   6    2.700   13.80  0.800 5.520000e+03 9.936000e+00 Heimlich:1973
  3   6    2.700   13.80  0.780 5.590000e+03 1.006200e+01 Heimlich:1973
  3   6    2.700   13.80  0.760 5.710000e+03 1.027800e+01 Heimlich:1973
  3   6    2.700   13.80  0.740 5.940000e+03 1.128600e+01 Heimlich:1973
  3   6    2.700   13.80  0.720 6.050000e+03 1.210000e+01 Heimlich:1973
  3   6    2.700   13.80  0.700 6.190000e+03 1.238000e+01 Heimlich:1973
  3   6    2.700   13.80  0.680 6.390000e+03 1.278000e+01 Heimlich:1973
  3   6    2.700   13.80  0.660 6.640000e+03 1.394400e+01 Heimlich:1973
  3   6    2.700   13.80  0.640 6.980000e+03 1.535600e+01 Heimlich:1973
  3   6    2.700   13.80  0.620 7.310000e+03 1.681300e+01 Heimlich:1973
  3   6    2.700   13.80  0.600 7.750000e+03 1.937500e+01 Heimlich:1973
  3   6    2.700   13.80  0.580 7.740000e+03 1.857600e+01 Heimlich:1973
  3   6    2.700   13.80  0.560 8.210000e+03 2.134600e+01 Heimlich:1973
  3   6    2.700   13.80  0.540 8.320000e+03 2.163200e+01 Heimlich:1973
  3   6    2.700   13.80  0.520 8.340000e+03 2.168400e+01 Heimlich:1973
  3   6    2.700   13.80  0.500 8.070000e+03 2.017500e+01 Heimlich:1973
  3   6    2.700   13.80  0.480 7.630000e+03 1.831200e+01 Heimlich:1973
  3   6    2.700   13.80  0.460 7.300000e+03 1.679000e+01 Heimlich:1973
  3   6    2.700   13.80  0.440 6.800000e+03 1.428000e+01 Heimlich:1973
  3   6    2.700   13.80  0.420 6.560000e+03 1.377600e+01 Heimlich:1973
  3   6    2.700   13.80  0.400 6.370000e+03 1.274000e+01 Heimlich:1973
  3   6    2.700   13.80  0.380 6.380000e+03 1.276000e+01 Heimlich:1973
  3   6    2.700   13.80  0.360 6.750000e+03 1.417500e+01 Heimlich:1973
  3   6    2.700   13.80  0.340 7.460000e+03 1.715800e+01 Heimlich:1973
  3   6    2.700   13.80  0.320 8.780000e+03 2.370600e+01 Heimlich:1973
  3   6    2.700   13.80  0.300 1.008000e+04 3.225600e+01 Heimlich:1973
  3   6    2.700   13.80  0.280 1.205000e+04 4.458500e+01 Heimlich:1973
  3   6    2.700   13.80  0.260 1.339000e+04 5.489900e+01 Heimlich:1973
  3   6    2.700   13.80  0.240 1.423000e+04 6.118900e+01 Heimlich:1973
  3   6    2.700   13.80  0.220 1.381000e+04 5.800200e+01 Heimlich:1973
  3   6    2.700   13.80  0.200 1.205000e+04 4.458500e+01 Heimlich:1973
  3   6    2.700   13.80  0.180 9.080000e+03 2.542400e+01 Heimlich:1973
  3   6    2.700   13.80  0.160 6.090000e+03 1.278900e+01 Heimlich:1973
  3   6    2.700   13.80  0.140 3.550000e+03 4.260000e+00 Heimlich:1973
  3   6    2.700   13.80  0.120 1.880000e+03 1.316000e+00 Heimlich:1973
  3   6    2.700   13.80  0.100 8.500000e+02 3.400000e-01 Heimlich:1973
  3   6    2.700   13.80  0.080 2.900000e+02 5.800000e-02 Heimlich:1973
  3   6    2.700   13.80  0.060 8.000000e+01 8.000000e-03 Heimlich:1973
  3   6    2.700   15.00  0.980 3.540000e+03 4.248000e+00 Heimlich:1973
  3   6    2.700   15.00  0.960 3.620000e+03 4.344000e+00 Heimlich:1973
  3   6    2.700   15.00  0.940 3.640000e+03 4.368000e+00 Heimlich:1973
  3   6    2.700   15.00  0.920 3.730000e+03 4.476000e+00 Heimlich:1973
  3   6    2.700   15.00  0.900 3.750000e+03 4.500000e+00 Heimlich:1973
  3   6    2.700   15.00  0.880 3.780000e+03 4.536000e+00 Heimlich:1973
  3   6    2.700   15.00  0.860 3.730000e+03 4.476000e+00 Heimlich:1973
  3   6    2.700   15.00  0.840 3.830000e+03 4.596000e+00 Heimlich:1973
  3   6    2.700   15.00  0.820 3.850000e+03 4.620000e+00 Heimlich:1973
  3   6    2.700   15.00  0.800 3.800000e+03 4.560000e+00 Heimlich:1973
  3   6    2.700   15.00  0.780 3.980000e+03 4.776000e+00 Heimlich:1973
  3   6    2.700   15.00  0.760 3.940000e+03 4.728000e+00 Heimlich:1973
  3   6    2.700   15.00  0.740 4.090000e+03 5.317000e+00 Heimlich:1973
  3   6    2.700   15.00  0.720 4.190000e+03 5.447000e+00 Heimlich:1973
  3   6    2.700   15.00  0.700 4.290000e+03 6.006000e+00 Heimlich:1973
  3   6    2.700   15.00  0.680 4.590000e+03 6.426000e+00 Heimlich:1973
  3   6    2.700   15.00  0.660 4.700000e+03 7.050000e+00 Heimlich:1973
  3   6    2.700   15.00  0.640 4.860000e+03 7.776000e+00 Heimlich:1973
  3   6    2.700   15.00  0.620 4.880000e+03 7.808000e+00 Heimlich:1973
  3   6    2.700   15.00  0.600 5.280000e+03 8.448000e+00 Heimlich:1973
  3   6    2.700   15.00  0.580 5.250000e+03 8.400000e+00 Heimlich:1973
  3   6    2.700   15.00  0.560 5.360000e+03 8.576000e+00 Heimlich:1973
  3   6    2.700   15.00  0.540 5.180000e+03 8.288000e+00 Heimlich:1973
  3   6    2.700   15.00  0.520 4.990000e+03 7.984000e+00 Heimlich:1973
  3   6    2.700   15.00  0.500 4.850000e+03 7.275000e+00 Heimlich:1973
  3   6    2.700   15.00  0.480 4.660000e+03 6.524000e+00 Heimlich:1973
  3   6    2.700   15.00  0.460 4.350000e+03 6.090000e+00 Heimlich:1973
  3   6    2.700   15.00  0.440 4.140000e+03 5.382000e+00 Heimlich:1973
  3   6    2.700   15.00  0.420 4.240000e+03 5.512000e+00 Heimlich:1973
  3   6    2.700   15.00  0.400 4.220000e+03 5.486000e+00 Heimlich:1973
  3   6    2.700   15.00  0.380 4.540000e+03 6.356000e+00 Heimlich:1973
  3   6    2.700   15.00  0.360 5.140000e+03 8.224000e+00 Heimlich:1973
  3   6    2.700   15.00  0.340 5.770000e+03 1.038600e+01 Heimlich:1973
  3   6    2.700   15.00  0.320 6.650000e+03 1.330000e+01 Heimlich:1973
  3   6    2.700   15.00  0.300 7.540000e+03 1.734200e+01 Heimlich:1973
  3   6    2.700   15.00  0.280 8.290000e+03 2.155400e+01 Heimlich:1973
  3   6    2.700   15.00  0.260 8.320000e+03 2.163200e+01 Heimlich:1973
  3   6    2.700   15.00  0.240 7.420000e+03 1.706600e+01 Heimlich:1973
  3   6    2.700   15.00  0.220 6.310000e+03 1.198900e+01 Heimlich:1973
  3   6    2.700   15.00  0.200 4.430000e+03 5.759000e+00 Heimlich:1973
  3   6    2.700   15.00  0.180 3.040000e+03 3.040000e+00 Heimlich:1973
  3   6    2.700   15.00  0.160 1.770000e+03 1.062000e+00 Heimlich:1973
  3   6    2.700   15.00  0.140 9.800000e+02 2.940000e-01 Heimlich:1973
  3   6    2.700   15.00  0.120 4.800000e+02 9.600000e-02 Heimlich:1973
  3   6    2.700   15.00  0.100 1.900000e+02 1.900000e-02 Heimlich:1973
  3   6    2.700   15.00  0.080 8.000000e+01 8.000000e-03 Heimlich:1973
