   K        RHOKS         RHOKD        RHOK
 *****  *************  **********  ************
   0     3213.3         0           3213.3
   .05  2925.6          .0038987   2925.6
   .1   2257.2          .048093    2257.3
   .15  1554.3          .16703     1554.5
   .2   1007.3          .3402      1007.6
   .25   638.18         .52285      638.7
   .3    404.39         .68188      405.07
   .35   259.24         .80336      260.04
   .4    168.95         .88588      169.83
   .45   112.1          .93385      113.03
   .5     75.675        .95364       76.629
   .55    51.919        .95149       52.871
   .6     36.139        .93296       37.072
   .65    25.478        .90261       26.381
   .7     18.165        .8641        19.029
   .75    13.075        .82035       13.895
   .8      9.4896       .77354       10.263
   .85     6.9347       .72538        7.6601
   .9      5.0965       .67713        5.7736
   .95     3.763        .62969        4.3927
  1        2.7877       .58373        3.3715
  1.05     2.0706       .5397         2.6103
  1.1      1.5401       .49787        2.038
  1.15     1.146        .45842        1.6044
  1.2       .8524       .42142        1.2738
  1.25      .63289      .38689        1.0198
  1.3       .46867      .35478         .82345
  1.35      .34565      .32501         .67066
  1.4       .25352      .2975          .55103
  1.45      .18467      .27212         .4568
  1.5       .13328      .24876         .38204
  1.55      .095126     .22728         .32241
  1.6       .066917     .20757         .27449
  1.65      .04622      .18949         .23571
  1.7       .031195     .17293         .20413
  1.75      .020412     .15777         .17819
  1.8       .012823     .14391         .15673
  1.85      .0076034    .13123         .13884
  1.9       .0041382    .11965         .12379
  1.95      .001962     .10907         .11103
  2        7.1403E-4    .099409        .10012
  2.05     1.2937E-4    .09059         .090719
  2.1      4.1005E-6    .082542        .082546
  2.15     1.8755E-4    .075198        .075386
  2.2      5.6657E-4    .068499        .069066
  2.25      .0010602    .062389        .063449
  2.3       .0016065    .056816        .058422
  2.35      .0021641    .051734        .053898
  2.4       .002704     .0471          .049804
  2.45      .003204     .042875        .046079
  2.5       .0036553    .039023        .042678
  2.55      .0040477    .035512        .039559
  2.6       .0043799    .032311        .036691
  2.65      .0046525    .029394        .034047
  2.7       .0048645    .026736        .0316
  2.75      .005023     .024313        .029336
  2.8       .0051288    .022106        .027235
  2.85      .005188     .020094        .025282
  2.9       .0052061    .018262        .023468
  2.95      .0051853    .016593        .021778
  3         .0051337    .015073        .020207
  3.05      .005053     .013689        .018742
  3.1       .0049487    .012428        .017377
  3.15      .0048253    .011281        .016106
  3.2       .0046843    .010236        .01492
  3.25      .0045317    .0092853       .013817
  3.3       .0043682    .0084203       .012788
  3.35      .0041973    .0076332       .011831
  3.4       .0040219    .0069175       .010939
  3.45      .0038423    .0062665       .010109
  3.5       .0036625    .0056747       .0093372
  3.55      .0034822    .0051368       .008619
  3.6       .0033034    .004648        .0079514
  3.65      .0031277    .004204        .0073318
  3.7       .0029547    .0038008       .0067555
  3.75      .0027867    .0034347       .0062214
  3.8       .0026231    .0031024       .0057256
  3.85      .0024649    .002801        .0052658
  3.9       .0023128    .0025275       .0048403
  3.95      .002166     .0022796       .0044456
  4         .002026     .002055        .0040809
  4.05      .0018919    .0018514       .0037433
  4.1       .0017642    .0016671       .0034312
  4.15      .0016431    .0015002       .0031433
  4.2       .0015277    .0013492       .002877
  4.25      .001419     .0012127       .0026317
  4.3       .0013161    .0010893       .0024053
  4.35      .001219    9.7775E-4       .0021967
  4.4       .0011279   8.7704E-4       .0020049
  4.45      .001042    7.8614E-4       .0018281
  4.5      9.6165E-4   7.0415E-4       .0016658
  4.55     8.8634E-4   6.3022E-4       .0015166
  4.6      8.1585E-4   5.6361E-4       .0013795
  4.65     7.5026E-4   5.0363E-4       .0012539
  4.7      6.8885E-4   4.4964E-4       .0011385
  4.75     6.3189E-4   4.011E-4        .001033
  4.8      5.7887E-4   3.5746E-4      9.3633E-4
  4.85     5.2957E-4   3.1827E-4      8.4785E-4
  4.9      4.8404E-4   2.8311E-4      7.6714E-4
  4.95     4.4169E-4   2.5157E-4      6.9326E-4
  5        4.0266E-4   2.2331E-4      6.2597E-4
  5.05     3.6659E-4   1.98E-4        5.6459E-4
  5.1      3.3325E-4   1.7536E-4      5.0861E-4
  5.15     3.0267E-4   1.5513E-4      4.578E-4
  5.2      2.744E-4    1.3705E-4      4.1146E-4
  5.25     2.4852E-4   1.2093E-4      3.6945E-4
  5.3      2.2475E-4   1.0656E-4      3.3131E-4
  5.35     2.0292E-4   9.3763E-5      2.9668E-4
  5.4      1.8303E-4   8.2382E-5      2.6541E-4
  5.45     1.6476E-4   7.2267E-5      2.3702E-4
  5.5      1.4814E-4   6.3292E-5      2.1143E-4
  5.55     1.3298E-4   5.5336E-5      1.8831E-4
  5.6      1.1914E-4   4.8292E-5      1.6743E-4
  5.65     1.0662E-4   4.2065E-5      1.4868E-4
  5.7      9.5194E-5   3.6566E-5      1.3176E-4
  5.75     8.4875E-5   3.1719E-5      1.1659E-4
  5.8      7.5532E-5   2.7452E-5      1.0298E-4
  5.85     6.7059E-5   2.3701E-5      9.076E-5
  5.9      5.9459E-5   2.0411E-5      7.987E-5
  5.95     5.257E-5    1.7529E-5      7.0099E-5
  6        4.6398E-5   1.501E-5       6.1408E-5
  6.05     4.0857E-5   1.2812E-5      5.3669E-5
  6.1      3.587E-5    1.0899E-5      4.6769E-5
  6.15     3.1439E-5   9.2382E-6      4.0677E-5
  6.2      2.7456E-5   7.7989E-6      3.5255E-5
  6.25     2.392E-5    6.5557E-6      3.0476E-5
  6.3      2.0779E-5   5.4846E-6      2.6264E-5
  6.35     1.7977E-5   4.5645E-6      2.2542E-5
  6.4      1.5518E-5   3.7774E-6      1.9295E-5
  6.45     1.3329E-5   3.1059E-6      1.6435E-5
  6.5      1.141E-5    2.5357E-6      1.3946E-5
  6.55     9.7276E-6   2.0538E-6      1.1781E-5
  6.6      8.2442E-6   1.6483E-6      9.8925E-6
  6.65     6.9625E-6   1.3094E-6      8.2719E-6
  6.7      5.8378E-6   1.0276E-6      6.8654E-6
  6.75     4.8677E-6   7.9524E-7      5.6629E-6
  6.8      4.0328E-6   6.0528E-7      4.6381E-6
  6.85     3.3093E-6   4.5144E-7      3.7608E-6
  6.9      2.6986E-6   3.2853E-7      3.0271E-6
  6.95     2.1739E-6   2.3166E-7      2.4056E-6
  7        1.7329E-6   1.5682E-7      1.8897E-6
  7.05     1.3646E-6   1.0043E-7      1.465E-6
  7.1      1.0546E-6   5.934E-8       1.114E-6
  7.15     8.0326E-7   3.093E-8       8.3419E-7
  7.2      5.9586E-7   1.2835E-8      6.087E-7
  7.25     4.3015E-7   3.0966E-9      4.3324E-7
  7.3      3.0011E-7   7.0368E-12     3.0012E-7
  7.35     1.9815E-7   2.119E-9       2.0027E-7
  7.4      1.2327E-7   8.1986E-9      1.3147E-7
  7.45     6.8633E-8   1.7225E-8      8.5857E-8
  7.5      3.2171E-8   2.8321E-8      6.0492E-8
  7.55     1.0672E-8   4.0761E-8      5.1434E-8
  7.6      9.7076E-10  5.3983E-8      5.4954E-8
  7.65     1.1513E-9   6.7456E-8      6.8607E-8
  7.7      9.0857E-9   8.0838E-8      8.9924E-8
  7.75     2.3008E-8   9.3798E-8      1.1681E-7
  7.8      4.11E-8     1.0609E-7      1.4718E-7
  7.85     6.3036E-8   1.1757E-7      1.8061E-7
  7.9      8.6249E-8   1.2805E-7      2.143E-7
  7.95     1.1129E-7   1.3751E-7      2.488E-7
  8        1.367E-7    1.4586E-7      2.8255E-7
  8.05     1.6125E-7   1.5306E-7      3.1431E-7
  8.1      1.8635E-7   1.5917E-7      3.4551E-7
  8.15     2.0901E-7   1.6412E-7      3.7314E-7
  8.2      2.3116E-7   1.6803E-7      3.9919E-7
  8.25     2.5164E-7   1.7091E-7      4.2254E-7
  8.3      2.694E-7    1.7278E-7      4.4218E-7
  8.35     2.8676E-7   1.7378E-7      4.6054E-7
  8.4      3.006E-7    1.7389E-7      4.7449E-7
  8.45     3.1336E-7   1.7323E-7      4.866E-7
  8.5      3.2419E-7   1.7187E-7      4.9606E-7
  8.55     3.3202E-7   1.6983E-7      5.0185E-7
  8.6      3.3955E-7   1.6725E-7      5.068E-7
  8.65     3.4373E-7   1.6413E-7      5.0786E-7
  8.7      3.4703E-7   1.6058E-7      5.076E-7
  8.75     3.4886E-7   1.5664E-7      5.055E-7
  8.8      3.4807E-7   1.5235E-7      5.0043E-7
  8.85     3.4746E-7   1.4782E-7      4.9529E-7
  8.9      3.4413E-7   1.4304E-7      4.8717E-7
  8.95     3.4035E-7   1.381E-7       4.7845E-7
  9        3.3576E-7   1.3303E-7      4.6879E-7
  9.05     3.2914E-7   1.2784E-7      4.5698E-7
  9.1      3.2315E-7   1.2263E-7      4.4579E-7
  9.15     3.1518E-7   1.1738E-7      4.3256E-7
  9.2      3.0715E-7   1.1214E-7      4.1929E-7
  9.25     2.9891E-7   1.0694E-7      4.0585E-7
  9.3      2.892E-7    1.0178E-7      3.9097E-7
  9.35     2.8044E-7   9.6721E-8      3.7716E-7
  9.4      2.7035E-7   9.1739E-8      3.6209E-7
  9.45     2.6048E-7   8.6877E-8      3.4736E-7
  9.5      2.5083E-7   8.2145E-8      3.3297E-7
  9.55     2.4016E-7   7.7532E-8      3.1769E-7
  9.6      2.3062E-7   7.3084E-8      3.037E-7
  9.65     2.2023E-7   6.8771E-8      2.89E-7
  9.7      2.1023E-7   6.4621E-8      2.7485E-7
  9.75     2.007E-7    6.0638E-8      2.6134E-7
  9.8      1.905E-7    5.6804E-8      2.473E-7
  9.85     1.8144E-7   5.315E-8       2.3459E-7
  9.9      1.7189E-7   4.965E-8       2.2154E-7
  9.95     1.6278E-7   4.6317E-8      2.091E-7
 10        1.5427E-7   4.3153E-8      1.9743E-7
