#Partial waves for K Sigma -> K Lambda 
#columns: W S11  S31  P11  P13  P31  P33  D13  D15  D33  D35  F15  F17  F35  F37  G17  G19  G37  G39  H19  H39
1690.0  -0.066209  -0.060353  0.0  0.0  -0.013488  -0.0053483  0.0013241  0.00029849  0.0  0.0  0.0  0.0  8.8888e-06  -1.8932e-05  -1.3418e-05  5.5136e-07  0.0  0.0  0.0  0.0  -2.7307e-07  1.8531e-07  -1.357e-07  1.0502e-08  0.0  0.0  0.0  0.0  -2.7387e-09  7.9471e-10  -1.6259e-09  2.1532e-10  0.0  0.0  0.0  0.0  -3.2772e-11  9.0992e-12  0.0  0.0
1695.0  -0.068668  -0.074617  0.0  0.0  -0.035248  -0.015  0.0033327  0.00078847  0.0  0.0  0.0  0.0  4.086e-05  -9.4271e-05  -6.6274e-05  2.6836e-06  0.0  0.0  0.0  0.0  -2.7386e-06  1.7375e-06  -1.3419e-06  9.583e-08  0.0  0.0  0.0  0.0  -5.114e-08  1.4581e-08  -3.0254e-08  3.9217e-09  0.0  0.0  0.0  0.0  -1.1493e-09  3.213e-10  0.0  0.0
1700.0  -0.068377  -0.076535  0.0  0.0  -0.053457  -0.024555  0.0049013  0.0012203  0.0  0.0  0.0  0.0  7.6303e-05  -0.00019185  -0.00013365  5.3675e-06  0.0  0.0  0.0  0.0  -7.7818e-06  4.6196e-06  -3.7793e-06  2.4775e-07  0.0  0.0  0.0  0.0  -1.9024e-07  5.3279e-08  -1.1217e-07  1.4217e-08  0.0  0.0  0.0  0.0  -5.7251e-09  1.5806e-09  0.0  0.0
1705.0  -0.067818  -0.076868  0.0  0.0  -0.069782  -0.034633  0.0062363  0.00164  0.0  0.0  0.0  0.0  0.00011132  -0.00030691  -0.00021172  8.4764e-06  0.0  0.0  0.0  0.0  -1.567e-05  8.7209e-06  -7.5781e-06  4.5319e-07  0.0  0.0  0.0  0.0  -4.578e-07  1.2592e-07  -2.6907e-07  3.3319e-08  0.0  0.0  0.0  0.0  -1.676e-08  4.5709e-09  0.0  0.0
1710.0  -0.067022  -0.076382  0.0  0.0  -0.084561  -0.045331  0.0074008  0.0020648  0.0  0.0  0.0  0.0  0.00014382  -0.00043756  -0.00029874  1.1968e-05  0.0  0.0  0.0  0.0  -2.6686e-05  1.3957e-05  -1.29e-05  6.9855e-07  0.0  0.0  0.0  0.0  -8.9355e-07  2.4135e-07  -5.2358e-07  6.3304e-08  0.0  0.0  0.0  0.0  -3.7988e-08  1.0245e-08  0.0  0.0
1715.0  -0.066263  -0.075391  0.0  0.0  -0.097874  -0.05658  0.0084236  0.0025052  0.0  0.0  0.0  0.0  0.00017238  -0.00058266  -0.00039361  1.5817e-05  0.0  0.0  0.0  0.0  -4.109e-05  2.0251e-05  -1.9915e-05  9.6789e-07  0.0  0.0  0.0  0.0  -1.5398e-06  4.0849e-07  -8.9966e-07  1.0615e-07  0.0  0.0  0.0  0.0  -7.3941e-08  1.9742e-08  0.0  0.0
1720.0  -0.065672  -0.074137  0.0  0.0  -0.10975  -0.068246  0.0093191  0.0029684  0.0  0.0  0.0  0.0  0.00019599  -0.00074131  -0.00049548  1.9999e-05  0.0  0.0  0.0  0.0  -5.9118e-05  2.7535e-05  -2.8795e-05  1.2425e-06  0.0  0.0  0.0  0.0  -2.4415e-06  6.3628e-07  -1.4226e-06  1.6377e-07  0.0  0.0  0.0  0.0  -1.2998e-07  3.4401e-08  0.0  0.0
1725.0  -0.06528  -0.072783  0.0  0.0  -0.12021  -0.080172  0.010095  0.0034591  0.0  0.0  0.0  0.0  0.0002139  -0.00091271  -0.00060371  2.4487e-05  0.0  0.0  0.0  0.0  -8.0984e-05  3.5748e-05  -3.9713e-05  1.5007e-06  0.0  0.0  0.0  0.0  -3.646e-06  9.3374e-07  -2.119e-06  2.3797e-07  0.0  0.0  0.0  0.0  -2.1231e-07  5.5772e-08  0.0  0.0
1730.0  -0.065079  -0.071433  0.0  0.0  -0.1293  -0.092202  0.010754  0.0039794  0.0  0.0  0.0  0.0  0.00022557  -0.001096  -0.00071773  2.9249e-05  0.0  0.0  0.0  0.0  -0.00010688  4.4838e-05  -5.2836e-05  1.7183e-06  0.0  0.0  0.0  0.0  -5.2029e-06  1.3099e-06  -3.0168e-06  3.3046e-07  0.0  0.0  0.0  0.0  -3.2802e-07  8.562e-08  0.0  0.0
1735.0  -0.065041  -0.070147  0.0  0.0  -0.13708  -0.10419  0.011298  0.0045294  0.0  0.0  0.0  0.0  0.00023055  -0.0012902  -0.00083709  3.4246e-05  0.0  0.0  0.0  0.0  -0.000137  5.4762e-05  -6.8329e-05  1.8685e-06  0.0  0.0  0.0  0.0  -7.1641e-06  1.7739e-06  -4.1447e-06  4.4289e-07  0.0  0.0  0.0  0.0  -4.8501e-07  1.2594e-07  0.0  0.0
1740.0  -0.065135  -0.06896  0.0  0.0  -0.14364  -0.11602  0.011728  0.0051074  0.0  0.0  0.0  0.0  0.00022848  -0.0014944  -0.00096136  3.9437e-05  0.0  0.0  0.0  0.0  -0.00017149  6.5484e-05  -8.6353e-05  1.9218e-06  0.0  0.0  0.0  0.0  -9.5828e-06  2.3349e-06  -5.5326e-06  5.7676e-07  0.0  0.0  0.0  0.0  -6.9207e-07  1.7894e-07  0.0  0.0
1745.0  -0.065332  -0.067889  0.0  0.0  -0.14905  -0.12759  0.012044  0.00571  0.0  0.0  0.0  0.0  0.00021897  -0.0017074  -0.0010902  4.4776e-05  0.0  0.0  0.0  0.0  -0.00021054  7.697e-05  -0.00010706  1.8465e-06  0.0  0.0  0.0  0.0  -1.2514e-05  3.0017e-06  -7.2112e-06  7.335e-07  0.0  0.0  0.0  0.0  -9.5876e-07  2.4706e-07  0.0  0.0
1750.0  -0.065605  -0.066937  0.0  0.0  -0.15339  -0.13879  0.012248  0.0063331  0.0  0.0  0.0  0.0  0.00020161  -0.001928  -0.0012232  5.0217e-05  0.0  0.0  0.0  0.0  -0.00025428  8.9193e-05  -0.00013061  1.6082e-06  0.0  0.0  0.0  0.0  -1.6013e-05  3.7836e-06  -9.212e-06  9.1438e-07  0.0  0.0  0.0  0.0  -1.2955e-06  3.3294e-07  0.0  0.0
1755.0  -0.065933  -0.066101  0.0  0.0  -0.15677  -0.14957  0.01234  0.0069716  0.0  0.0  0.0  0.0  0.00017591  -0.002155  -0.0013603  5.5711e-05  0.0  0.0  0.0  0.0  -0.00030287  0.00010213  -0.00015713  1.1705e-06  0.0  0.0  0.0  0.0  -2.0137e-05  4.6893e-06  -1.1567e-05  1.1205e-06  0.0  0.0  0.0  0.0  -1.7132e-06  4.3942e-07  0.0  0.0
1760.0  -0.066297  -0.065373  0.0  0.0  -0.15927  -0.15987  0.012324  0.0076203  0.0  0.0  0.0  0.0  0.0001413  -0.0023871  -0.001501  6.1212e-05  0.0  0.0  0.0  0.0  -0.00035644  0.00011575  -0.00018677  4.9429e-07  0.0  0.0  0.0  0.0  -2.4943e-05  5.7276e-06  -1.4308e-05  1.3528e-06  0.0  0.0  0.0  0.0  -2.2239e-06  5.6951e-07  0.0  0.0
1765.0  -0.066687  -0.064742  0.0  0.0  -0.16098  -0.16963  0.012201  0.0082739  0.0  0.0  0.0  0.0  9.7111e-05  -0.0026232  -0.0016451  6.6672e-05  0.0  0.0  0.0  0.0  -0.00041512  0.00013003  -0.00021965  -4.6226e-07  0.0  0.0  0.0  0.0  -3.0489e-05  6.9071e-06  -1.7469e-05  1.6119e-06  0.0  0.0  0.0  0.0  -2.8399e-06  7.2638e-07  0.0  0.0
1770.0  -0.067095  -0.064197  0.0  0.0  -0.16199  -0.17883  0.011976  0.0089268  0.0  0.0  0.0  0.0  4.2606e-05  -0.0028621  -0.0017925  7.2048e-05  0.0  0.0  0.0  0.0  -0.00047903  0.00014495  -0.0002559  -1.7437e-06  0.0  0.0  0.0  0.0  -3.6831e-05  8.2359e-06  -2.1083e-05  1.8983e-06  0.0  0.0  0.0  0.0  -3.5742e-06  9.1332e-07  0.0  0.0
1775.0  -0.067515  -0.063727  0.0  0.0  -0.16239  -0.18744  0.011653  0.0095741  0.0  0.0  0.0  0.0  -2.3028e-05  -0.0031027  -0.001943  7.7299e-05  0.0  0.0  0.0  0.0  -0.00054829  0.00016048  -0.00029563  -3.3978e-06  0.0  0.0  0.0  0.0  -4.4027e-05  9.7221e-06  -2.5182e-05  2.2119e-06  0.0  0.0  0.0  0.0  -4.4405e-06  1.1337e-06  0.0  0.0
1780.0  -0.067947  -0.063323  0.0  0.0  -0.16228  -0.19545  0.011235  0.010211  0.0  0.0  0.0  0.0  -0.00010064  -0.0033442  -0.0020963  8.2386e-05  0.0  0.0  0.0  0.0  -0.000623  0.0001766  -0.00033895  -5.4757e-06  0.0  0.0  0.0  0.0  -5.2133e-05  1.1373e-05  -2.98e-05  2.5526e-06  0.0  0.0  0.0  0.0  -5.4527e-06  1.391e-06  0.0  0.0
1785.0  -0.068389  -0.062978  0.0  0.0  -0.16173  -0.20285  0.010729  0.010832  0.0  0.0  0.0  0.0  -0.00019109  -0.0035857  -0.0022523  8.7276e-05  0.0  0.0  0.0  0.0  -0.00070327  0.00019328  -0.00038596  -8.0322e-06  0.0  0.0  0.0  0.0  -6.1205e-05  1.3196e-05  -3.4971e-05  2.9193e-06  0.0  0.0  0.0  0.0  -6.6254e-06  1.6886e-06  0.0  0.0
1790.0  -0.068843  -0.062686  0.0  0.0  -0.16083  -0.20966  0.010139  0.011435  0.0  0.0  0.0  0.0  -0.00029525  -0.0038267  -0.0024109  9.1939e-05  0.0  0.0  0.0  0.0  -0.00078917  0.00021048  -0.00043675  -1.1126e-05  0.0  0.0  0.0  0.0  -7.1298e-05  1.5198e-05  -4.0727e-05  3.3109e-06  0.0  0.0  0.0  0.0  -7.9734e-06  2.0301e-06  0.0  0.0
1795.0  -0.069309  -0.062444  0.0  0.0  -0.15965  -0.21591  0.0094707  0.012015  0.0  0.0  0.0  0.0  -0.00041391  -0.0040665  -0.0025719  9.6348e-05  0.0  0.0  0.0  0.0  -0.0008808  0.00022818  -0.0004914  -1.4821e-05  0.0  0.0  0.0  0.0  -8.2466e-05  1.7385e-05  -4.7102e-05  3.7252e-06  0.0  0.0  0.0  0.0  -9.5121e-06  2.4188e-06  0.0  0.0
1800.0  -0.069788  -0.062248  0.0  0.0  -0.15827  -0.22162  0.0087292  0.01257  0.0  0.0  0.0  0.0  -0.00054783  -0.0043048  -0.0027352  0.00010048  0.0  0.0  0.0  0.0  -0.00097822  0.00024634  -0.00055  -1.9185e-05  0.0  0.0  0.0  0.0  -9.4762e-05  1.9762e-05  -5.4129e-05  4.1596e-06  0.0  0.0  0.0  0.0  -1.1257e-05  2.8581e-06  0.0  0.0
1805.0  -0.07028  -0.062099  0.0  0.0  -0.15674  -0.22682  0.00792  0.013096  0.0  0.0  0.0  0.0  -0.00069769  -0.0045413  -0.0029007  0.00010432  0.0  0.0  0.0  0.0  -0.0010815  0.00026493  -0.00061261  -2.4291e-05  0.0  0.0  0.0  0.0  -0.00010824  2.2334e-05  -6.1841e-05  4.6107e-06  0.0  0.0  0.0  0.0  -1.3224e-05  3.3513e-06  0.0  0.0
1810.0  -0.070784  -0.061995  0.0  0.0  -0.1551  -0.23157  0.0070485  0.013592  0.0  0.0  0.0  0.0  -0.00086407  -0.0047757  -0.0030682  0.00010785  0.0  0.0  0.0  0.0  -0.0011907  0.00028389  -0.00067928  -3.0216e-05  0.0  0.0  0.0  0.0  -0.00012294  2.5105e-05  -7.0271e-05  5.0741e-06  0.0  0.0  0.0  0.0  -1.543e-05  3.9015e-06  0.0  0.0
1815.0  -0.071297  -0.061937  0.0  0.0  -0.15339  -0.23591  0.0061197  0.014055  0.0  0.0  0.0  0.0  -0.0010475  -0.0050078  -0.0032378  0.00011104  0.0  0.0  0.0  0.0  -0.0013059  0.0003032  -0.00075006  -3.7045e-05  0.0  0.0  0.0  0.0  -0.00013893  2.8079e-05  -7.9451e-05  5.5445e-06  0.0  0.0  0.0  0.0  -1.7891e-05  4.5118e-06  0.0  0.0
1820.0  -0.071818  -0.061924  0.0  0.0  -0.15163  -0.23987  0.0051386  0.014485  0.0  0.0  0.0  0.0  -0.0012483  -0.0052375  -0.0034092  0.0001139  0.0  0.0  0.0  0.0  -0.0014271  0.0003228  -0.000825  -4.4864e-05  0.0  0.0  0.0  0.0  -0.00015625  3.1259e-05  -8.9413e-05  6.0156e-06  0.0  0.0  0.0  0.0  -2.0623e-05  5.185e-06  0.0  0.0
1825.0  -0.072343  -0.061956  0.0  0.0  -0.14984  -0.2435  0.00411  0.014881  0.0  0.0  0.0  0.0  -0.001467  -0.0054646  -0.0035824  0.00011639  0.0  0.0  0.0  0.0  -0.0015544  0.00034265  -0.00090412  -5.3768e-05  0.0  0.0  0.0  0.0  -0.00017495  3.4646e-05  -0.00010019  6.48e-06  0.0  0.0  0.0  0.0  -2.3645e-05  5.9237e-06  0.0  0.0
1830.0  -0.072868  -0.062032  0.0  0.0  -0.14804  -0.24682  0.0030383  0.01524  0.0  0.0  0.0  0.0  -0.0017038  -0.0056889  -0.0037574  0.0001185  0.0  0.0  0.0  0.0  -0.0016878  0.0003627  -0.00098745  -6.3855e-05  0.0  0.0  0.0  0.0  -0.00019507  3.8241e-05  -0.00011181  6.929e-06  0.0  0.0  0.0  0.0  -2.6972e-05  6.7305e-06  0.0  0.0
1835.0  -0.073389  -0.062152  0.0  0.0  -0.14621  -0.24988  0.0019279  0.015562  0.0  0.0  0.0  0.0  -0.0019591  -0.0059102  -0.0039341  0.00012022  0.0  0.0  0.0  0.0  -0.0018273  0.00038289  -0.001075  -7.5226e-05  0.0  0.0  0.0  0.0  -0.00021666  4.2046e-05  -0.00012431  7.3528e-06  0.0  0.0  0.0  0.0  -3.0624e-05  7.6077e-06  0.0  0.0
1840.0  -0.073901  -0.062314  0.0  0.0  -0.14436  -0.2527  0.00078303  0.015847  0.0  0.0  0.0  0.0  -0.0022332  -0.0061282  -0.0041124  0.00012152  0.0  0.0  0.0  0.0  -0.0019729  0.00040317  -0.0011667  -8.7988e-05  0.0  0.0  0.0  0.0  -0.00023978  4.6059e-05  -0.00013773  7.7404e-06  0.0  0.0  0.0  0.0  -3.4617e-05  8.5574e-06  0.0  0.0
1845.0  -0.0744  -0.062514  0.0  0.0  -0.1425  -0.25529  -0.00039218  0.016093  0.0  0.0  0.0  0.0  -0.0025266  -0.0063428  -0.0042923  0.00012238  0.0  0.0  0.0  0.0  -0.0021247  0.00042347  -0.0012627  -0.00010225  0.0  0.0  0.0  0.0  -0.00026446  5.028e-05  -0.00015208  8.0791e-06  0.0  0.0  0.0  0.0  -3.8971e-05  9.5815e-06  0.0  0.0
1850.0  -0.074881  -0.062749  0.0  0.0  -0.14061  -0.25767  -0.0015937  0.0163  0.0  0.0  0.0  0.0  -0.0028397  -0.0065538  -0.0044738  0.00012276  0.0  0.0  0.0  0.0  -0.0022828  0.00044374  -0.0013628  -0.00011812  0.0  0.0  0.0  0.0  -0.00029075  5.4705e-05  -0.0001674  8.3551e-06  0.0  0.0  0.0  0.0  -4.3703e-05  1.0682e-05  0.0  0.0
1855.0  -0.075342  -0.063016  0.0  0.0  -0.1387  -0.25985  -0.0028176  0.016468  0.0  0.0  0.0  0.0  -0.003173  -0.0067609  -0.0046568  0.00012263  0.0  0.0  0.0  0.0  -0.002447  0.0004639  -0.001467  -0.00013572  0.0  0.0  0.0  0.0  -0.0003187  5.9333e-05  -0.00018373  8.5531e-06  0.0  0.0  0.0  0.0  -4.8832e-05  1.186e-05  0.0  0.0
1860.0  -0.075779  -0.06331  0.0  0.0  -0.13676  -0.26183  -0.0040598  0.016596  0.0  0.0  0.0  0.0  -0.0035272  -0.0069642  -0.0048412  0.00012196  0.0  0.0  0.0  0.0  -0.0026175  0.0004839  -0.0015754  -0.00015516  0.0  0.0  0.0  0.0  -0.00034835  6.416e-05  -0.00020108  8.6564e-06  0.0  0.0  0.0  0.0  -5.4378e-05  1.3117e-05  0.0  0.0
1865.0  -0.076189  -0.063626  0.0  0.0  -0.1348  -0.26363  -0.0053165  0.016684  0.0  0.0  0.0  0.0  -0.003903  -0.0071636  -0.0050272  0.0001207  0.0  0.0  0.0  0.0  -0.0027942  0.00050366  -0.0016878  -0.00017655  0.0  0.0  0.0  0.0  -0.00037974  6.9181e-05  -0.0002195  8.6468e-06  0.0  0.0  0.0  0.0  -6.0359e-05  1.4455e-05  0.0  0.0
1870.0  -0.076571  -0.063959  0.0  0.0  -0.13282  -0.26523  -0.0065836  0.016732  0.0  0.0  0.0  0.0  -0.0043013  -0.0073592  -0.0052146  0.00011883  0.0  0.0  0.0  0.0  -0.0029772  0.00052311  -0.0018041  -0.0002  0.0  0.0  0.0  0.0  -0.00041292  7.4391e-05  -0.00023901  8.5046e-06  0.0  0.0  0.0  0.0  -6.6796e-05  1.5874e-05  0.0  0.0
1875.0  -0.076923  -0.064304  0.0  0.0  -0.13082  -0.26665  -0.0078573  0.016741  0.0  0.0  0.0  0.0  -0.0047229  -0.0075516  -0.0054034  0.00011628  0.0  0.0  0.0  0.0  -0.0031664  0.00054216  -0.0019243  -0.00022563  0.0  0.0  0.0  0.0  -0.00044793  7.9785e-05  -0.00025963  8.2085e-06  0.0  0.0  0.0  0.0  -7.3707e-05  1.7375e-05  0.0  0.0
1880.0  -0.077246  -0.064656  0.0  0.0  -0.12882  -0.2679  -0.0091339  0.016711  0.0  0.0  0.0  0.0  -0.0051687  -0.007741  -0.0055935  0.00011302  0.0  0.0  0.0  0.0  -0.0033619  0.00056074  -0.0020484  -0.00025353  0.0  0.0  0.0  0.0  -0.00048482  8.5356e-05  -0.00028141  7.7361e-06  0.0  0.0  0.0  0.0  -8.1113e-05  1.8959e-05  0.0  0.0
1885.0  -0.077541  -0.06501  0.0  0.0  -0.12683  -0.26896  -0.01041  0.016642  0.0  0.0  0.0  0.0  -0.0056396  -0.0079283  -0.0057851  0.00010901  0.0  0.0  0.0  0.0  -0.0035636  0.00057876  -0.0021761  -0.00028383  0.0  0.0  0.0  0.0  -0.00052362  9.1099e-05  -0.00030435  7.0629e-06  0.0  0.0  0.0  0.0  -8.9033e-05  2.0627e-05  0.0  0.0
1890.0  -0.077808  -0.065361  0.0  0.0  -0.12485  -0.26984  -0.011681  0.016537  0.0  0.0  0.0  0.0  -0.0061365  -0.0081142  -0.005978  0.0001042  0.0  0.0  0.0  0.0  -0.0037716  0.00059614  -0.0023074  -0.00031661  0.0  0.0  0.0  0.0  -0.00056439  9.7005e-05  -0.00032849  6.1635e-06  0.0  0.0  0.0  0.0  -9.7488e-05  2.2378e-05  0.0  0.0
1895.0  -0.07805  -0.065705  0.0  0.0  -0.12289  -0.27056  -0.012944  0.016396  0.0  0.0  0.0  0.0  -0.0066601  -0.0083  -0.0061721  9.8555e-05  0.0  0.0  0.0  0.0  -0.0039859  0.00061279  -0.0024423  -0.00035198  0.0  0.0  0.0  0.0  -0.00060716  0.00010307  -0.00035385  5.0103e-06  0.0  0.0  0.0  0.0  -0.0001065  2.4215e-05  0.0  0.0
1900.0  -0.078269  -0.066038  0.0  0.0  -0.12098  -0.27112  -0.014197  0.016221  0.0  0.0  0.0  0.0  -0.0072112  -0.008487  -0.0063676  9.203e-05  0.0  0.0  0.0  0.0  -0.0042064  0.00062862  -0.0025805  -0.00039003  0.0  0.0  0.0  0.0  -0.00065197  0.00010928  -0.00038047  3.5748e-06  0.0  0.0  0.0  0.0  -0.00011608  2.6137e-05  0.0  0.0
1905.0  -0.07847  -0.066358  0.0  0.0  -0.11911  -0.27154  -0.015436  0.016015  0.0  0.0  0.0  0.0  -0.0077904  -0.0086766  -0.0065643  8.4591e-05  0.0  0.0  0.0  0.0  -0.0044332  0.00064355  -0.002722  -0.00043084  0.0  0.0  0.0  0.0  -0.00069886  0.00011563  -0.00040834  1.8263e-06  0.0  0.0  0.0  0.0  -0.00012626  2.8143e-05  0.0  0.0
1910.0  -0.078654  -0.066663  0.0  0.0  -0.1173  -0.27181  -0.016659  0.015779  0.0  0.0  0.0  0.0  -0.0083981  -0.0088706  -0.0067623  7.6206e-05  0.0  0.0  0.0  0.0  -0.0046661  0.00065747  -0.0028665  -0.00047449  0.0  0.0  0.0  0.0  -0.00074788  0.00012211  -0.00043751  -2.671e-07  0.0  0.0  0.0  0.0  -0.00013705  3.0235e-05  0.0  0.0
1915.0  -0.078826  -0.066951  0.0  0.0  -0.11556  -0.27196  -0.017864  0.015516  0.0  0.0  0.0  0.0  -0.0090344  -0.0090708  -0.0069615  6.6846e-05  0.0  0.0  0.0  0.0  -0.0049053  0.00067031  -0.0030141  -0.00052107  0.0  0.0  0.0  0.0  -0.00079906  0.00012872  -0.00046799  -2.739e-06  0.0  0.0  0.0  0.0  -0.00014848  3.2412e-05  0.0  0.0
1920.0  -0.07899  -0.067221  0.0  0.0  -0.11389  -0.27201  -0.019048  0.015228  0.0  0.0  0.0  0.0  -0.0096994  -0.0092791  -0.0071618  5.6486e-05  0.0  0.0  0.0  0.0  -0.0051506  0.00068197  -0.0031645  -0.00057064  0.0  0.0  0.0  0.0  -0.00085245  0.00013544  -0.0004998  -5.6248e-06  0.0  0.0  0.0  0.0  -0.00016056  3.4675e-05  0.0  0.0
1925.0  -0.079149  -0.067474  0.0  0.0  -0.1123  -0.27195  -0.020211  0.014918  0.0  0.0  0.0  0.0  -0.010393  -0.0094977  -0.0073634  4.5104e-05  0.0  0.0  0.0  0.0  -0.005402  0.00069238  -0.0033175  -0.00062327  0.0  0.0  0.0  0.0  -0.00090807  0.00014227  -0.00053295  -8.9613e-06  0.0  0.0  0.0  0.0  -0.00017332  3.7024e-05  0.0  0.0
1930.0  -0.079305  -0.06771  0.0  0.0  -0.11079  -0.27182  -0.021352  0.014588  0.0  0.0  0.0  0.0  -0.011114  -0.0097287  -0.007566  3.2681e-05  0.0  0.0  0.0  0.0  -0.0056595  0.00070143  -0.0034731  -0.00067901  0.0  0.0  0.0  0.0  -0.00096597  0.0001492  -0.00056746  -1.2787e-05  0.0  0.0  0.0  0.0  -0.00018676  3.9457e-05  0.0  0.0
1935.0  -0.079463  -0.067931  0.0  0.0  -0.10936  -0.27163  -0.02247  0.014241  0.0  0.0  0.0  0.0  -0.011862  -0.0099741  -0.0077698  1.9203e-05  0.0  0.0  0.0  0.0  -0.0059231  0.00070905  -0.003631  -0.00073791  0.0  0.0  0.0  0.0  -0.0010262  0.00015622  -0.00060334  -1.7142e-05  0.0  0.0  0.0  0.0  -0.00020092  4.1976e-05  0.0  0.0
1940.0  -0.079625  -0.068138  0.0  0.0  -0.10801  -0.27138  -0.023564  0.013879  0.0  0.0  0.0  0.0  -0.012637  -0.010236  -0.0079747  4.6552e-06  0.0  0.0  0.0  0.0  -0.0061928  0.00071517  -0.0037912  -0.00080001  0.0  0.0  0.0  0.0  -0.0010888  0.00016331  -0.0006406  -2.2069e-05  0.0  0.0  0.0  0.0  -0.00021581  4.4581e-05  0.0  0.0
1945.0  -0.079792  -0.068334  0.0  0.0  -0.10673  -0.2711  -0.024635  0.013504  0.0  0.0  0.0  0.0  -0.013436  -0.010517  -0.0081808  -1.0974e-05  0.0  0.0  0.0  0.0  -0.0064684  0.0007197  -0.0039534  -0.00086535  0.0  0.0  0.0  0.0  -0.0011537  0.00017048  -0.00067925  -2.7609e-05  0.0  0.0  0.0  0.0  -0.00023144  4.727e-05  0.0  0.0
1950.0  -0.079965  -0.06852  0.0  0.0  -0.10553  -0.27079  -0.025683  0.013118  0.0  0.0  0.0  0.0  -0.014257  -0.010818  -0.0083879  -2.7695e-05  0.0  0.0  0.0  0.0  -0.0067499  0.00072257  -0.0041174  -0.00093395  0.0  0.0  0.0  0.0  -0.0012211  0.00017771  -0.0007193  -3.381e-05  0.0  0.0  0.0  0.0  -0.00024784  5.0045e-05  0.0  0.0
1955.0  -0.080147  -0.068699  0.0  0.0  -0.10439  -0.27046  -0.026708  0.012723  0.0  0.0  0.0  0.0  -0.015101  -0.011141  -0.0085961  -4.552e-05  0.0  0.0  0.0  0.0  -0.0070373  0.0007237  -0.0042831  -0.0010058  0.0  0.0  0.0  0.0  -0.0012909  0.00018499  -0.00076074  -4.0716e-05  0.0  0.0  0.0  0.0  -0.00026502  5.2904e-05  0.0  0.0
1960.0  -0.080337  -0.068873  0.0  0.0  -0.10331  -0.27013  -0.027711  0.012322  0.0  0.0  0.0  0.0  -0.015963  -0.011488  -0.0088053  -6.446e-05  0.0  0.0  0.0  0.0  -0.0073306  0.00072303  -0.0044504  -0.001081  0.0  0.0  0.0  0.0  -0.0013632  0.00019231  -0.00080359  -4.8376e-05  0.0  0.0  0.0  0.0  -0.000283  5.5847e-05  0.0  0.0
1965.0  -0.080536  -0.069046  0.0  0.0  -0.10228  -0.26981  -0.028693  0.011914  0.0  0.0  0.0  0.0  -0.016842  -0.01186  -0.0090157  -8.4528e-05  0.0  0.0  0.0  0.0  -0.0076297  0.00072048  -0.004619  -0.0011594  0.0  0.0  0.0  0.0  -0.0014381  0.00019966  -0.00084783  -5.684e-05  0.0  0.0  0.0  0.0  -0.00030179  5.8875e-05  0.0  0.0
1970.0  -0.080742  -0.069218  0.0  0.0  -0.10129  -0.26949  -0.029654  0.011502  0.0  0.0  0.0  0.0  -0.017736  -0.012258  -0.0092271  -0.00010574  0.0  0.0  0.0  0.0  -0.0079346  0.00071598  -0.0047888  -0.0012411  0.0  0.0  0.0  0.0  -0.0015155  0.00020702  -0.00089348  -6.6159e-05  0.0  0.0  0.0  0.0  -0.00032141  6.1986e-05  0.0  0.0
1975.0  -0.080955  -0.069393  0.0  0.0  -0.10033  -0.26918  -0.030596  0.011086  0.0  0.0  0.0  0.0  -0.018642  -0.012684  -0.0094395  -0.0001281  0.0  0.0  0.0  0.0  -0.0082452  0.00070945  -0.0049597  -0.001326  0.0  0.0  0.0  0.0  -0.0015955  0.00021438  -0.00094051  -7.6388e-05  0.0  0.0  0.0  0.0  -0.00034188  6.5181e-05  0.0  0.0
1980.0  -0.081174  -0.069572  0.0  0.0  -0.099396  -0.26888  -0.031519  0.010667  0.0  0.0  0.0  0.0  -0.019558  -0.013138  -0.0096531  -0.00015164  0.0  0.0  0.0  0.0  -0.0085614  0.00070083  -0.0051315  -0.0014143  0.0  0.0  0.0  0.0  -0.0016781  0.00022174  -0.00098892  -8.7583e-05  0.0  0.0  0.0  0.0  -0.00036321  6.8459e-05  0.0  0.0
1985.0  -0.081397  -0.069756  0.0  0.0  -0.09848  -0.2686  -0.032425  0.010246  0.0  0.0  0.0  0.0  -0.02048  -0.01362  -0.0098676  -0.00017638  0.0  0.0  0.0  0.0  -0.0088833  0.00069003  -0.005304  -0.0015057  0.0  0.0  0.0  0.0  -0.0017634  0.00022906  -0.0010387  -9.9802e-05  0.0  0.0  0.0  0.0  -0.00038541  7.1819e-05  0.0  0.0
1990.0  -0.081623  -0.069947  0.0  0.0  -0.097575  -0.26834  -0.033314  0.0098232  0.0  0.0  0.0  0.0  -0.021408  -0.01413  -0.010083  -0.00020232  0.0  0.0  0.0  0.0  -0.0092109  0.00067698  -0.0054772  -0.0016003  0.0  0.0  0.0  0.0  -0.0018513  0.00023633  -0.0010899  -0.00011311  0.0  0.0  0.0  0.0  -0.0004085  7.5261e-05  0.0  0.0
1995.0  -0.08185  -0.070144  0.0  0.0  -0.096675  -0.26809  -0.034186  0.0093987  0.0  0.0  0.0  0.0  -0.022337  -0.014669  -0.0103  -0.00022951  0.0  0.0  0.0  0.0  -0.0095439  0.00066158  -0.0056508  -0.0016982  0.0  0.0  0.0  0.0  -0.001942  0.00024353  -0.0011424  -0.00012757  0.0  0.0  0.0  0.0  -0.0004325  7.8784e-05  0.0  0.0
2000.0  -0.082075  -0.07035  0.0  0.0  -0.095773  -0.26785  -0.035043  0.0089728  0.0  0.0  0.0  0.0  -0.023266  -0.015237  -0.010517  -0.00025795  0.0  0.0  0.0  0.0  -0.0098825  0.00064376  -0.0058248  -0.0017993  0.0  0.0  0.0  0.0  -0.0020354  0.00025065  -0.0011962  -0.00014325  0.0  0.0  0.0  0.0  -0.00045741  8.2388e-05  0.0  0.0
2005.0  -0.082298  -0.070562  0.0  0.0  -0.094866  -0.26762  -0.035886  0.0085455  0.0  0.0  0.0  0.0  -0.024192  -0.015833  -0.010736  -0.00028768  0.0  0.0  0.0  0.0  -0.010227  0.00062342  -0.005999  -0.0019036  0.0  0.0  0.0  0.0  -0.0021315  0.00025765  -0.0012513  -0.00016023  0.0  0.0  0.0  0.0  -0.00048325  8.6072e-05  0.0  0.0
2010.0  -0.082517  -0.070782  0.0  0.0  -0.09395  -0.2674  -0.036715  0.0081169  0.0  0.0  0.0  0.0  -0.025113  -0.016456  -0.010955  -0.00031872  0.0  0.0  0.0  0.0  -0.010576  0.00060046  -0.0061734  -0.0020111  0.0  0.0  0.0  0.0  -0.0022305  0.00026451  -0.0013076  -0.00017859  0.0  0.0  0.0  0.0  -0.00051003  8.9834e-05  0.0  0.0
2015.0  -0.08273  -0.071009  0.0  0.0  -0.093023  -0.26718  -0.03753  0.0076869  0.0  0.0  0.0  0.0  -0.026026  -0.017106  -0.011176  -0.00035108  0.0  0.0  0.0  0.0  -0.010931  0.00057478  -0.0063477  -0.0021219  0.0  0.0  0.0  0.0  -0.0023322  0.00027121  -0.0013652  -0.0001984  0.0  0.0  0.0  0.0  -0.00053777  9.3674e-05  0.0  0.0
2020.0  -0.082936  -0.071241  0.0  0.0  -0.092083  -0.26696  -0.038332  0.0072554  0.0  0.0  0.0  0.0  -0.026929  -0.017781  -0.011397  -0.0003848  0.0  0.0  0.0  0.0  -0.011291  0.00054628  -0.0065218  -0.002236  0.0  0.0  0.0  0.0  -0.0024369  0.00027771  -0.001424  -0.00021977  0.0  0.0  0.0  0.0  -0.00056647  9.7592e-05  0.0  0.0
2025.0  -0.083133  -0.071478  0.0  0.0  -0.091129  -0.26674  -0.039122  0.0068222  0.0  0.0  0.0  0.0  -0.027819  -0.018482  -0.011619  -0.00041989  0.0  0.0  0.0  0.0  -0.011656  0.00051485  -0.0066955  -0.0023534  0.0  0.0  0.0  0.0  -0.0025443  0.00028398  -0.0014839  -0.00024278  0.0  0.0  0.0  0.0  -0.00059616  0.00010158  0.0  0.0
2030.0  -0.083322  -0.071719  0.0  0.0  -0.090162  -0.26651  -0.0399  0.0063871  0.0  0.0  0.0  0.0  -0.028696  -0.019205  -0.011842  -0.00045637  0.0  0.0  0.0  0.0  -0.012026  0.00048037  -0.0068687  -0.0024742  0.0  0.0  0.0  0.0  -0.0026547  0.00028999  -0.0015449  -0.00026754  0.0  0.0  0.0  0.0  -0.00062683  0.00010565  0.0  0.0
2035.0  -0.083501  -0.071963  0.0  0.0  -0.089182  -0.26628  -0.040665  0.00595  0.0  0.0  0.0  0.0  -0.029556  -0.019951  -0.012066  -0.00049427  0.0  0.0  0.0  0.0  -0.012402  0.00044272  -0.0070412  -0.0025985  0.0  0.0  0.0  0.0  -0.002768  0.0002957  -0.0016068  -0.00029414  0.0  0.0  0.0  0.0  -0.00065851  0.00010979  0.0  0.0
2040.0  -0.08367  -0.072208  0.0  0.0  -0.08819  -0.26603  -0.041419  0.0055106  0.0  0.0  0.0  0.0  -0.030399  -0.020718  -0.012291  -0.0005336  0.0  0.0  0.0  0.0  -0.012783  0.0004018  -0.0072128  -0.0027262  0.0  0.0  0.0  0.0  -0.0028842  0.00030107  -0.0016697  -0.00032269  0.0  0.0  0.0  0.0  -0.00069121  0.000114  0.0  0.0
2045.0  -0.083829  -0.072453  0.0  0.0  -0.087187  -0.26577  -0.042161  0.0050688  0.0  0.0  0.0  0.0  -0.031222  -0.021503  -0.012516  -0.00057438  0.0  0.0  0.0  0.0  -0.013168  0.00035747  -0.0073832  -0.0028575  0.0  0.0  0.0  0.0  -0.0030033  0.00030606  -0.0017333  -0.0003533  0.0  0.0  0.0  0.0  -0.00072493  0.00011828  0.0  0.0
2050.0  -0.083977  -0.072697  0.0  0.0  -0.086176  -0.2655  -0.042891  0.0046242  0.0  0.0  0.0  0.0  -0.032024  -0.022305  -0.012742  -0.00061661  0.0  0.0  0.0  0.0  -0.013558  0.00030963  -0.0075521  -0.0029923  0.0  0.0  0.0  0.0  -0.0031254  0.00031062  -0.0017976  -0.00038606  0.0  0.0  0.0  0.0  -0.00075969  0.00012262  0.0  0.0
2055.0  -0.084116  -0.072939  0.0  0.0  -0.085158  -0.26522  -0.04361  0.0041768  0.0  0.0  0.0  0.0  -0.032803  -0.023123  -0.012968  -0.00066032  0.0  0.0  0.0  0.0  -0.013953  0.00025815  -0.0077192  -0.0031308  0.0  0.0  0.0  0.0  -0.0032504  0.00031473  -0.0018623  -0.00042108  0.0  0.0  0.0  0.0  -0.00079549  0.00012703  0.0  0.0
2060.0  -0.084246  -0.073178  0.0  0.0  -0.084134  -0.26493  -0.044317  0.0037265  0.0  0.0  0.0  0.0  -0.03356  -0.023954  -0.013195  -0.00070551  0.0  0.0  0.0  0.0  -0.014352  0.00020292  -0.0078842  -0.0032728  0.0  0.0  0.0  0.0  -0.0033784  0.00031831  -0.0019274  -0.00045844  0.0  0.0  0.0  0.0  -0.00083236  0.0001315  0.0  0.0
2065.0  -0.084366  -0.073413  0.0  0.0  -0.083105  -0.26462  -0.045012  0.0032731  0.0  0.0  0.0  0.0  -0.034292  -0.024796  -0.013423  -0.00075219  0.0  0.0  0.0  0.0  -0.014756  0.00014382  -0.0080468  -0.0034183  0.0  0.0  0.0  0.0  -0.0035094  0.00032134  -0.0019925  -0.00049821  0.0  0.0  0.0  0.0  -0.0008703  0.00013603  0.0  0.0
2070.0  -0.084479  -0.073643  0.0  0.0  -0.082074  -0.2643  -0.045695  0.0028166  0.0  0.0  0.0  0.0  -0.034999  -0.025648  -0.013651  -0.00080037  0.0  0.0  0.0  0.0  -0.015164  8.0744e-05  -0.0082066  -0.0035672  0.0  0.0  0.0  0.0  -0.0036433  0.00032376  -0.0020576  -0.00054046  0.0  0.0  0.0  0.0  -0.00090931  0.00014061  0.0  0.0
2075.0  -0.084584  -0.073868  0.0  0.0  -0.08104  -0.26397  -0.046366  0.0023569  0.0  0.0  0.0  0.0  -0.035681  -0.026507  -0.013879  -0.00085005  0.0  0.0  0.0  0.0  -0.015577  1.3591e-05  -0.0083631  -0.0037195  0.0  0.0  0.0  0.0  -0.0037802  0.00032553  -0.0021224  -0.00058521  0.0  0.0  0.0  0.0  -0.00094942  0.00014525  0.0  0.0
2080.0  -0.084683  -0.074088  0.0  0.0  -0.080004  -0.26364  -0.047025  0.0018942  0.0  0.0  0.0  0.0  -0.036337  -0.027372  -0.014108  -0.00090126  0.0  0.0  0.0  0.0  -0.015993  -5.7742e-05  -0.0085161  -0.0038749  0.0  0.0  0.0  0.0  -0.00392  0.00032659  -0.0021865  -0.00063246  0.0  0.0  0.0  0.0  -0.00099062  0.00014993  0.0  0.0
2085.0  -0.084776  -0.074302  0.0  0.0  -0.078967  -0.2633  -0.047671  0.0014287  0.0  0.0  0.0  0.0  -0.036968  -0.028241  -0.014338  -0.00095399  0.0  0.0  0.0  0.0  -0.016413  -0.00013335  -0.0086651  -0.0040332  0.0  0.0  0.0  0.0  -0.0040628  0.0003269  -0.0022498  -0.0006822  0.0  0.0  0.0  0.0  -0.0010329  0.00015466  0.0  0.0
2090.0  -0.084864  -0.07451  0.0  0.0  -0.077928  -0.26295  -0.048305  0.0009604  0.0  0.0  0.0  0.0  -0.037572  -0.029111  -0.014567  -0.0010083  0.0  0.0  0.0  0.0  -0.016837  -0.00021331  -0.0088097  -0.0041941  0.0  0.0  0.0  0.0  -0.0042085  0.0003264  -0.002312  -0.00073435  0.0  0.0  0.0  0.0  -0.0010764  0.00015942  0.0  0.0
2095.0  -0.084949  -0.074712  0.0  0.0  -0.076887  -0.2626  -0.048926  0.00048973  0.0  0.0  0.0  0.0  -0.038151  -0.029982  -0.014797  -0.0010641  0.0  0.0  0.0  0.0  -0.017265  -0.00029772  -0.0089497  -0.0043574  0.0  0.0  0.0  0.0  -0.004357  0.00032506  -0.0023728  -0.00078879  0.0  0.0  0.0  0.0  -0.0011209  0.00016423  0.0  0.0
2100.0  -0.08503  -0.074908  0.0  0.0  -0.075843  -0.26224  -0.049534  1.6944e-05  0.0  0.0  0.0  0.0  -0.038704  -0.030852  -0.015028  -0.0011214  0.0  0.0  0.0  0.0  -0.017696  -0.00038665  -0.0090846  -0.0045224  0.0  0.0  0.0  0.0  -0.0045085  0.00032282  -0.0024319  -0.00084539  0.0  0.0  0.0  0.0  -0.0011666  0.00016906  0.0  0.0
2105.0  -0.085108  -0.075099  0.0  0.0  -0.074795  -0.26188  -0.050129  -0.00045759  0.0  0.0  0.0  0.0  -0.039232  -0.031718  -0.015258  -0.0011804  0.0  0.0  0.0  0.0  -0.01813  -0.00048017  -0.0092141  -0.0046889  0.0  0.0  0.0  0.0  -0.0046628  0.00031964  -0.002489  -0.00090392  0.0  0.0  0.0  0.0  -0.0012134  0.00017392  0.0  0.0
2110.0  -0.085184  -0.075286  0.0  0.0  -0.073743  -0.26152  -0.050711  -0.00093349  0.0  0.0  0.0  0.0  -0.039735  -0.03258  -0.015489  -0.0012409  0.0  0.0  0.0  0.0  -0.018568  -0.00057834  -0.0093381  -0.0048563  0.0  0.0  0.0  0.0  -0.00482  0.00031547  -0.002544  -0.00096416  0.0  0.0  0.0  0.0  -0.0012614  0.0001788  0.0  0.0
2115.0  -0.085259  -0.075467  0.0  0.0  -0.072684  -0.26116  -0.05128  -0.0014104  0.0  0.0  0.0  0.0  -0.040214  -0.033435  -0.015719  -0.001303  0.0  0.0  0.0  0.0  -0.019008  -0.00068122  -0.0094565  -0.005024  0.0  0.0  0.0  0.0  -0.00498  0.00031028  -0.0025967  -0.0010258  0.0  0.0  0.0  0.0  -0.0013105  0.00018371  0.0  0.0
2120.0  -0.085333  -0.075645  0.0  0.0  -0.071617  -0.26079  -0.051837  -0.0018879  0.0  0.0  0.0  0.0  -0.040669  -0.034283  -0.01595  -0.0013667  0.0  0.0  0.0  0.0  -0.019451  -0.00078887  -0.009569  -0.0051915  0.0  0.0  0.0  0.0  -0.0051427  0.00030401  -0.0026468  -0.0010886  0.0  0.0  0.0  0.0  -0.0013608  0.00018863  0.0  0.0
2125.0  -0.085406  -0.07582  0.0  0.0  -0.070543  -0.26043  -0.052381  -0.0023657  0.0  0.0  0.0  0.0  -0.0411  -0.035122  -0.016181  -0.001432  0.0  0.0  0.0  0.0  -0.019897  -0.00090133  -0.0096757  -0.0053581  0.0  0.0  0.0  0.0  -0.0053082  0.00029663  -0.0026944  -0.0011521  0.0  0.0  0.0  0.0  -0.0014122  0.00019356  0.0  0.0
2130.0  -0.085479  -0.075991  0.0  0.0  -0.06946  -0.26006  -0.052913  -0.0028434  0.0  0.0  0.0  0.0  -0.04151  -0.03595  -0.016412  -0.001499  0.0  0.0  0.0  0.0  -0.020345  -0.0010186  -0.0097767  -0.0055233  0.0  0.0  0.0  0.0  -0.0054763  0.00028811  -0.0027394  -0.0012161  0.0  0.0  0.0  0.0  -0.0014648  0.0001985  0.0  0.0
2135.0  -0.085551  -0.07616  0.0  0.0  -0.068366  -0.25969  -0.053433  -0.003321  0.0  0.0  0.0  0.0  -0.041898  -0.036767  -0.016642  -0.0015676  0.0  0.0  0.0  0.0  -0.020795  -0.0011409  -0.0098721  -0.0056865  0.0  0.0  0.0  0.0  -0.0056471  0.00027842  -0.0027817  -0.0012802  0.0  0.0  0.0  0.0  -0.0015186  0.00020345  0.0  0.0
2140.0  -0.085623  -0.076328  0.0  0.0  -0.067262  -0.25932  -0.053942  -0.003798  0.0  0.0  0.0  0.0  -0.042266  -0.03757  -0.016872  -0.0016378  0.0  0.0  0.0  0.0  -0.021248  -0.001268  -0.0099623  -0.005847  0.0  0.0  0.0  0.0  -0.0058205  0.00026753  -0.0028215  -0.001344  0.0  0.0  0.0  0.0  -0.0015736  0.0002084  0.0  0.0
2145.0  -0.085694  -0.076495  0.0  0.0  -0.066147  -0.25894  -0.05444  -0.0042746  0.0  0.0  0.0  0.0  -0.042615  -0.03836  -0.017103  -0.0017097  0.0  0.0  0.0  0.0  -0.021703  -0.0014001  -0.010048  -0.0060045  0.0  0.0  0.0  0.0  -0.0059965  0.00025541  -0.0028589  -0.0014073  0.0  0.0  0.0  0.0  -0.0016297  0.00021335  0.0  0.0
2150.0  -0.085765  -0.076661  0.0  0.0  -0.06502  -0.25856  -0.054927  -0.0047506  0.0  0.0  0.0  0.0  -0.042947  -0.039135  -0.017332  -0.0017832  0.0  0.0  0.0  0.0  -0.022159  -0.0015372  -0.010128  -0.0061582  0.0  0.0  0.0  0.0  -0.006175  0.00024204  -0.0028941  -0.0014697  0.0  0.0  0.0  0.0  -0.001687  0.00021831  0.0  0.0
2155.0  -0.085835  -0.076827  0.0  0.0  -0.063881  -0.25818  -0.055404  -0.005226  0.0  0.0  0.0  0.0  -0.043262  -0.039894  -0.017562  -0.0018583  0.0  0.0  0.0  0.0  -0.022617  -0.0016793  -0.010205  -0.006308  0.0  0.0  0.0  0.0  -0.006356  0.00022741  -0.0029273  -0.0015311  0.0  0.0  0.0  0.0  -0.0017455  0.00022326  0.0  0.0
2160.0  -0.085905  -0.076994  0.0  0.0  -0.06273  -0.25779  -0.055871  -0.005701  0.0  0.0  0.0  0.0  -0.043562  -0.040636  -0.017791  -0.001935  0.0  0.0  0.0  0.0  -0.023077  -0.0018264  -0.010278  -0.0064535  0.0  0.0  0.0  0.0  -0.0065394  0.0002115  -0.0029588  -0.0015912  0.0  0.0  0.0  0.0  -0.0018052  0.00022821  0.0  0.0
2165.0  -0.085972  -0.077161  0.0  0.0  -0.061567  -0.25739  -0.056328  -0.0061757  0.0  0.0  0.0  0.0  -0.04385  -0.041362  -0.018019  -0.0020133  0.0  0.0  0.0  0.0  -0.023537  -0.0019785  -0.010349  -0.0065944  0.0  0.0  0.0  0.0  -0.0067252  0.00019429  -0.0029888  -0.0016501  0.0  0.0  0.0  0.0  -0.0018661  0.00023315  0.0  0.0
2170.0  -0.086038  -0.07733  0.0  0.0  -0.060391  -0.25699  -0.056775  -0.0066502  0.0  0.0  0.0  0.0  -0.044125  -0.04207  -0.018246  -0.0020931  0.0  0.0  0.0  0.0  -0.024  -0.0021357  -0.010417  -0.0067306  0.0  0.0  0.0  0.0  -0.0069133  0.00017579  -0.0030175  -0.0017075  0.0  0.0  0.0  0.0  -0.0019282  0.00023809  0.0  0.0
2175.0  -0.086102  -0.077501  0.0  0.0  -0.059203  -0.25659  -0.057212  -0.0071246  0.0  0.0  0.0  0.0  -0.044391  -0.042762  -0.018473  -0.0021744  0.0  0.0  0.0  0.0  -0.024463  -0.002298  -0.010483  -0.0068621  0.0  0.0  0.0  0.0  -0.0071038  0.00015597  -0.0030454  -0.0017635  0.0  0.0  0.0  0.0  -0.0019915  0.00024302  0.0  0.0
2180.0  -0.086162  -0.077673  0.0  0.0  -0.058002  -0.25617  -0.05764  -0.007599  0.0  0.0  0.0  0.0  -0.044649  -0.043437  -0.0187  -0.0022571  0.0  0.0  0.0  0.0  -0.024927  -0.0024654  -0.010549  -0.006989  0.0  0.0  0.0  0.0  -0.0072966  0.00013484  -0.0030724  -0.0018182  0.0  0.0  0.0  0.0  -0.002056  0.00024793  0.0  0.0
2185.0  -0.086219  -0.077847  0.0  0.0  -0.056787  -0.25576  -0.058058  -0.0080736  0.0  0.0  0.0  0.0  -0.0449  -0.044095  -0.018925  -0.0023412  0.0  0.0  0.0  0.0  -0.025392  -0.0026378  -0.010614  -0.0071114  0.0  0.0  0.0  0.0  -0.0074917  0.00011239  -0.003099  -0.0018715  0.0  0.0  0.0  0.0  -0.0021217  0.00025284  0.0  0.0
2190.0  -0.086272  -0.078022  0.0  0.0  -0.055559  -0.25533  -0.058467  -0.0085484  0.0  0.0  0.0  0.0  -0.045146  -0.044738  -0.01915  -0.0024266  0.0  0.0  0.0  0.0  -0.025858  -0.0028154  -0.01068  -0.0072296  0.0  0.0  0.0  0.0  -0.007689  8.8596e-05  -0.0031252  -0.0019238  0.0  0.0  0.0  0.0  -0.0021886  0.00025773  0.0  0.0
2195.0  -0.08632  -0.078199  0.0  0.0  -0.054316  -0.2549  -0.058865  -0.0090232  0.0  0.0  0.0  0.0  -0.045387  -0.045366  -0.019374  -0.0025133  0.0  0.0  0.0  0.0  -0.026323  -0.002998  -0.010745  -0.0073438  0.0  0.0  0.0  0.0  -0.0078885  6.3466e-05  -0.0031512  -0.0019749  0.0  0.0  0.0  0.0  -0.0022568  0.0002626  0.0  0.0
2200.0  -0.086362  -0.078378  0.0  0.0  -0.053058  -0.25446  -0.059254  -0.0094981  0.0  0.0  0.0  0.0  -0.045625  -0.045981  -0.019596  -0.0026013  0.0  0.0  0.0  0.0  -0.02679  -0.0031857  -0.010812  -0.0074546  0.0  0.0  0.0  0.0  -0.0080902  3.6986e-05  -0.0031771  -0.0020253  0.0  0.0  0.0  0.0  -0.0023262  0.00026745  0.0  0.0
