#Partial waves for eta N -> K Sigma 
#columns: W S11  S31  P11  P13  P31  P33  D13  D15  D33  D35  F15  F17  F35  F37  G17  G19  G37  G39  H19  H39
1690.0  -0.17865  -0.013212  0.0  0.0  -0.0081369  -0.00093292  -0.001351  -0.00024213  0.0  0.0  0.0  0.0  -0.00013074  -4.6993e-05  -0.00010649  -1.1723e-05  0.0  0.0  0.0  0.0  -1.0674e-05  1.1516e-07  -5.9972e-06  -8.0403e-09  0.0  0.0  0.0  0.0  -5.6918e-07  -1.0763e-10  -3.066e-07  -1.3024e-10  0.0  0.0  0.0  0.0  -2.7917e-08  -3.0194e-13  0.0  0.0
1695.0  -0.19045  -0.035429  0.0  0.0  -0.021035  -0.0028698  -0.0033639  -0.00064634  0.0  0.0  0.0  0.0  -0.00060771  -0.00022359  -0.00049366  -5.3684e-05  0.0  0.0  0.0  0.0  -9.3091e-05  1.0129e-06  -5.2276e-05  -7.6738e-08  0.0  0.0  0.0  0.0  -9.2778e-06  -1.8961e-09  -4.9998e-06  -2.3865e-09  0.0  0.0  0.0  0.0  -8.5155e-07  -9.4472e-12  0.0  0.0
1700.0  -0.18233  -0.040579  0.0  0.0  -0.03167  -0.0051512  -0.0049008  -0.0010067  0.0  0.0  0.0  0.0  -0.0011582  -0.00043633  -0.00093876  -0.00010033  0.0  0.0  0.0  0.0  -0.00023289  2.5328e-06  -0.00013073  -2.0971e-07  0.0  0.0  0.0  0.0  -3.0357e-05  -6.6866e-09  -1.6369e-05  -8.7591e-09  0.0  0.0  0.0  0.0  -3.6486e-06  -4.1326e-11  0.0  0.0
1705.0  -0.17206  -0.042627  0.0  0.0  -0.041157  -0.007894  -0.0061842  -0.0013525  0.0  0.0  0.0  0.0  -0.0017403  -0.00067145  -0.0014082  -0.0001473  0.0  0.0  0.0  0.0  -0.00041742  4.5071e-06  -0.00023429  -4.0995e-07  0.0  0.0  0.0  0.0  -6.469e-05  -1.5319e-08  -3.4907e-05  -2.0893e-08  0.0  0.0  0.0  0.0  -9.2546e-06  -1.0664e-10  0.0  0.0
1710.0  -0.16096  -0.04279  0.0  0.0  -0.049767  -0.011119  -0.0072877  -0.0016884  0.0  0.0  0.0  0.0  -0.0023364  -0.00092347  -0.0018886  -0.00019274  0.0  0.0  0.0  0.0  -0.00063879  6.8148e-06  -0.00035854  -6.833e-07  0.0  0.0  0.0  0.0  -0.00011249  -2.8579e-08  -6.0751e-05  -4.0583e-08  0.0  0.0  0.0  0.0  -1.8305e-05  -2.1387e-10  0.0  0.0
1715.0  -0.15001  -0.041403  0.0  0.0  -0.057583  -0.014798  -0.0082501  -0.0020134  0.0  0.0  0.0  0.0  -0.0029368  -0.0011894  -0.0023728  -0.00023569  0.0  0.0  0.0  0.0  -0.00089116  9.3622e-06  -0.00050029  -1.037e-06  0.0  0.0  0.0  0.0  -0.00017363  -4.7252e-08  -9.387e-05  -6.984e-08  0.0  0.0  0.0  0.0  -3.1299e-05  -3.6968e-10  0.0  0.0
1720.0  -0.13976  -0.038867  0.0  0.0  -0.064634  -0.018872  -0.0090971  -0.0023247  0.0  0.0  0.0  0.0  -0.0035352  -0.0014671  -0.0028569  -0.00027573  0.0  0.0  0.0  0.0  -0.0011699  1.2076e-05  -0.00065701  -1.4793e-06  0.0  0.0  0.0  0.0  -0.00024783  -7.2163e-08  -0.00013414  -1.1093e-07  0.0  0.0  0.0  0.0  -4.8624e-05  -5.7926e-10  0.0  0.0
1725.0  -0.13045  -0.035558  0.0  0.0  -0.070936  -0.02327  -0.0098484  -0.0026199  0.0  0.0  0.0  0.0  -0.0041273  -0.0017553  -0.0033382  -0.00031271  0.0  0.0  0.0  0.0  -0.0014712  1.4901e-05  -0.00082665  -2.0194e-06  0.0  0.0  0.0  0.0  -0.00033468  -1.042e-07  -0.00018137  -1.6638e-07  0.0  0.0  0.0  0.0  -7.0587e-05  -8.4694e-10  0.0  0.0
1730.0  -0.12216  -0.031779  0.0  0.0  -0.076503  -0.027916  -0.01052  -0.0028972  0.0  0.0  0.0  0.0  -0.0047101  -0.0020525  -0.003815  -0.00034666  0.0  0.0  0.0  0.0  -0.0017919  1.7793e-05  -0.0010075  -2.6675e-06  0.0  0.0  0.0  0.0  -0.00043371  -1.4434e-07  -0.00023537  -2.3905e-07  0.0  0.0  0.0  0.0  -9.742e-05  -1.177e-09  0.0  0.0
1735.0  -0.11486  -0.027765  0.0  0.0  -0.081353  -0.032733  -0.011125  -0.0031557  0.0  0.0  0.0  0.0  -0.0052816  -0.0023577  -0.0042862  -0.00037774  0.0  0.0  0.0  0.0  -0.0021293  2.0718e-05  -0.0011981  -3.4343e-06  0.0  0.0  0.0  0.0  -0.00054439  -1.9372e-07  -0.00029588  -3.321e-07  0.0  0.0  0.0  0.0  -0.0001293  -1.5752e-09  0.0  0.0
1740.0  -0.1085  -0.02369  0.0  0.0  -0.085511  -0.03765  -0.011674  -0.0033956  0.0  0.0  0.0  0.0  -0.0058402  -0.0026699  -0.0047511  -0.00040616  0.0  0.0  0.0  0.0  -0.002481  2.3645e-05  -0.0013973  -4.3316e-06  0.0  0.0  0.0  0.0  -0.00066618  -2.5359e-07  -0.00036267  -4.4906e-07  0.0  0.0  0.0  0.0  -0.00016634  -2.0501e-09  0.0  0.0
1745.0  -0.10298  -0.01968  0.0  0.0  -0.089006  -0.042599  -0.012177  -0.0036178  0.0  0.0  0.0  0.0  -0.0063849  -0.0029878  -0.0052093  -0.00043217  0.0  0.0  0.0  0.0  -0.0028451  2.655e-05  -0.0016039  -5.3721e-06  0.0  0.0  0.0  0.0  -0.00079855  -3.2545e-07  -0.00043548  -5.9384e-07  0.0  0.0  0.0  0.0  -0.00020864  -2.6158e-09  0.0  0.0
1750.0  -0.098193  -0.01582  0.0  0.0  -0.091871  -0.047516  -0.01264  -0.0038236  0.0  0.0  0.0  0.0  -0.0069152  -0.0033105  -0.0056604  -0.00045606  0.0  0.0  0.0  0.0  -0.0032196  2.9408e-05  -0.001817  -6.5694e-06  0.0  0.0  0.0  0.0  -0.00094092  -4.1096e-07  -0.00051407  -7.7077e-07  0.0  0.0  0.0  0.0  -0.00025624  -3.2942e-09  0.0  0.0
1755.0  -0.09405  -0.012165  0.0  0.0  -0.094144  -0.052347  -0.013071  -0.0040143  0.0  0.0  0.0  0.0  -0.0074307  -0.0036371  -0.0061041  -0.00047808  0.0  0.0  0.0  0.0  -0.0036031  3.2195e-05  -0.0020359  -7.938e-06  0.0  0.0  0.0  0.0  -0.0010928  -5.1209e-07  -0.00059821  -9.8462e-07  0.0  0.0  0.0  0.0  -0.00030915  -4.1181e-09  0.0  0.0
1760.0  -0.090459  -0.0087454  0.0  0.0  -0.095865  -0.057039  -0.013473  -0.0041915  0.0  0.0  0.0  0.0  -0.0079315  -0.0039667  -0.0065405  -0.00049849  0.0  0.0  0.0  0.0  -0.0039942  3.4888e-05  -0.0022597  -9.4935e-06  0.0  0.0  0.0  0.0  -0.0012535  -6.3104e-07  -0.00068763  -1.2407e-06  0.0  0.0  0.0  0.0  -0.00036736  -5.135e-09  0.0  0.0
1765.0  -0.087338  -0.0055754  0.0  0.0  -0.09708  -0.061546  -0.013851  -0.0043566  0.0  0.0  0.0  0.0  -0.0084179  -0.0042985  -0.0069694  -0.00051756  0.0  0.0  0.0  0.0  -0.0043917  3.7459e-05  -0.002488  -1.1253e-05  0.0  0.0  0.0  0.0  -0.0014227  -7.7029e-07  -0.00078212  -1.5448e-06  0.0  0.0  0.0  0.0  -0.00043084  -6.4106e-09  0.0  0.0
1770.0  -0.084615  -0.0026565  0.0  0.0  -0.097838  -0.06583  -0.014208  -0.0045109  0.0  0.0  0.0  0.0  -0.0088902  -0.0046318  -0.0073908  -0.00053549  0.0  0.0  0.0  0.0  -0.0047946  3.9883e-05  -0.00272  -1.3233e-05  0.0  0.0  0.0  0.0  -0.0015998  -9.3264e-07  -0.00088146  -1.9033e-06  0.0  0.0  0.0  0.0  -0.00049953  -8.0328e-09  0.0  0.0
1775.0  -0.08223  1.8164e-05  0.0  0.0  -0.09819  -0.069858  -0.014547  -0.0046554  0.0  0.0  0.0  0.0  -0.009349  -0.0049662  -0.0078048  -0.00055251  0.0  0.0  0.0  0.0  -0.0052018  4.2132e-05  -0.0029554  -1.5454e-05  0.0  0.0  0.0  0.0  -0.0017842  -1.1211e-06  -0.00098543  -2.3234e-06  0.0  0.0  0.0  0.0  -0.00057337  -1.0116e-08  0.0  0.0
1780.0  -0.080132  0.0024603  0.0  0.0  -0.098191  -0.073607  -0.014869  -0.004791  0.0  0.0  0.0  0.0  -0.0097947  -0.0053012  -0.0082113  -0.0005688  0.0  0.0  0.0  0.0  -0.0056125  4.4174e-05  -0.0031936  -1.7936e-05  0.0  0.0  0.0  0.0  -0.0019756  -1.3391e-06  -0.0010938  -2.813e-06  0.0  0.0  0.0  0.0  -0.00065227  -1.2805e-08  0.0  0.0
1785.0  -0.078277  0.0046848  0.0  0.0  -0.097893  -0.07706  -0.015177  -0.0049184  0.0  0.0  0.0  0.0  -0.010228  -0.0056366  -0.0086106  -0.00058452  0.0  0.0  0.0  0.0  -0.006026  4.5982e-05  -0.0034344  -2.0701e-05  0.0  0.0  0.0  0.0  -0.0021734  -1.5901e-06  -0.0012064  -3.3805e-06  0.0  0.0  0.0  0.0  -0.00073615  -1.6278e-08  0.0  0.0
1790.0  -0.076632  0.0067077  0.0  0.0  -0.097353  -0.080212  -0.015472  -0.0050383  0.0  0.0  0.0  0.0  -0.01065  -0.0059722  -0.0090025  -0.00059981  0.0  0.0  0.0  0.0  -0.0064416  4.7523e-05  -0.0036774  -2.3772e-05  0.0  0.0  0.0  0.0  -0.0023773  -1.878e-06  -0.0013231  -4.0358e-06  0.0  0.0  0.0  0.0  -0.00082489  -2.0752e-08  0.0  0.0
1795.0  -0.075167  0.0085452  0.0  0.0  -0.09662  -0.083062  -0.015755  -0.005151  0.0  0.0  0.0  0.0  -0.01106  -0.006308  -0.0093873  -0.0006148  0.0  0.0  0.0  0.0  -0.0068587  4.8767e-05  -0.0039222  -2.7174e-05  0.0  0.0  0.0  0.0  -0.0025868  -2.2065e-06  -0.0014436  -4.7892e-06  0.0  0.0  0.0  0.0  -0.0009184  -2.6484e-08  0.0  0.0
1800.0  -0.073858  0.010213  0.0  0.0  -0.095742  -0.085621  -0.016029  -0.005257  0.0  0.0  0.0  0.0  -0.011459  -0.0066438  -0.0097651  -0.00062959  0.0  0.0  0.0  0.0  -0.0072768  4.9684e-05  -0.0041686  -3.0932e-05  0.0  0.0  0.0  0.0  -0.0028014  -2.5798e-06  -0.0015679  -5.6523e-06  0.0  0.0  0.0  0.0  -0.0010165  -3.3774e-08  0.0  0.0
1805.0  -0.072687  0.011725  0.0  0.0  -0.094759  -0.087904  -0.016293  -0.0053565  0.0  0.0  0.0  0.0  -0.011848  -0.0069798  -0.010136  -0.00064427  0.0  0.0  0.0  0.0  -0.0076954  5.0242e-05  -0.0044164  -3.5074e-05  0.0  0.0  0.0  0.0  -0.0030209  -3.0019e-06  -0.0016956  -6.6381e-06  0.0  0.0  0.0  0.0  -0.0011192  -4.297e-08  0.0  0.0
1810.0  -0.071638  0.013094  0.0  0.0  -0.093707  -0.089929  -0.016549  -0.0054499  0.0  0.0  0.0  0.0  -0.012226  -0.007316  -0.0105  -0.00065892  0.0  0.0  0.0  0.0  -0.0081141  5.0412e-05  -0.0046653  -3.9629e-05  0.0  0.0  0.0  0.0  -0.0032448  -3.4769e-06  -0.0018268  -7.7604e-06  0.0  0.0  0.0  0.0  -0.0012263  -5.4466e-08  0.0  0.0
1815.0  -0.070696  0.014332  0.0  0.0  -0.092614  -0.09172  -0.016798  -0.0055374  0.0  0.0  0.0  0.0  -0.012595  -0.0076524  -0.010857  -0.0006736  0.0  0.0  0.0  0.0  -0.0085324  5.0163e-05  -0.0049151  -4.4628e-05  0.0  0.0  0.0  0.0  -0.0034728  -4.0087e-06  -0.0019612  -9.0349e-06  0.0  0.0  0.0  0.0  -0.0013376  -6.8708e-08  0.0  0.0
1820.0  -0.069852  0.015449  0.0  0.0  -0.091502  -0.093299  -0.017041  -0.0056192  0.0  0.0  0.0  0.0  -0.012954  -0.0079889  -0.011208  -0.00068837  0.0  0.0  0.0  0.0  -0.0089502  4.9464e-05  -0.0051657  -5.0102e-05  0.0  0.0  0.0  0.0  -0.0037046  -4.6011e-06  -0.0020988  -1.0478e-05  0.0  0.0  0.0  0.0  -0.0014531  -8.6197e-08  0.0  0.0
1825.0  -0.069096  0.016453  0.0  0.0  -0.090386  -0.094689  -0.017279  -0.0056958  0.0  0.0  0.0  0.0  -0.013303  -0.0083256  -0.011553  -0.00070328  0.0  0.0  0.0  0.0  -0.0093671  4.8285e-05  -0.0054169  -5.6086e-05  0.0  0.0  0.0  0.0  -0.0039398  -5.258e-06  -0.0022393  -1.2109e-05  0.0  0.0  0.0  0.0  -0.0015725  -1.0749e-07  0.0  0.0
1830.0  -0.068418  0.017353  0.0  0.0  -0.089279  -0.095912  -0.017513  -0.0057672  0.0  0.0  0.0  0.0  -0.013642  -0.0086623  -0.011891  -0.00071841  0.0  0.0  0.0  0.0  -0.0097828  4.6592e-05  -0.0056686  -6.2614e-05  0.0  0.0  0.0  0.0  -0.0041781  -5.9827e-06  -0.0023827  -1.3947e-05  0.0  0.0  0.0  0.0  -0.0016959  -1.332e-07  0.0  0.0
1835.0  -0.06781  0.018153  0.0  0.0  -0.088187  -0.096989  -0.017743  -0.005834  0.0  0.0  0.0  0.0  -0.013972  -0.0089989  -0.012223  -0.00073379  0.0  0.0  0.0  0.0  -0.010197  4.4352e-05  -0.0059206  -6.9723e-05  0.0  0.0  0.0  0.0  -0.0044193  -6.7785e-06  -0.0025289  -1.6014e-05  0.0  0.0  0.0  0.0  -0.001823  -1.6401e-07  0.0  0.0
1840.0  -0.067266  0.018862  0.0  0.0  -0.087113  -0.097937  -0.01797  -0.0058965  0.0  0.0  0.0  0.0  -0.014292  -0.0093351  -0.01255  -0.00074949  0.0  0.0  0.0  0.0  -0.01061  4.1528e-05  -0.0061727  -7.7449e-05  0.0  0.0  0.0  0.0  -0.004663  -7.6485e-06  -0.0026778  -1.8334e-05  0.0  0.0  0.0  0.0  -0.0019537  -2.0067e-07  0.0  0.0
1845.0  -0.066778  0.019483  0.0  0.0  -0.086057  -0.09877  -0.018196  -0.005955  0.0  0.0  0.0  0.0  -0.014603  -0.0096707  -0.012871  -0.00076556  0.0  0.0  0.0  0.0  -0.011021  3.8082e-05  -0.006425  -8.583e-05  0.0  0.0  0.0  0.0  -0.004909  -8.5951e-06  -0.0028292  -2.0933e-05  0.0  0.0  0.0  0.0  -0.0020878  -2.44e-07  0.0  0.0
1850.0  -0.06634  0.020022  0.0  0.0  -0.085022  -0.0995  -0.018419  -0.0060101  0.0  0.0  0.0  0.0  -0.014904  -0.010005  -0.013186  -0.00078205  0.0  0.0  0.0  0.0  -0.01143  3.3974e-05  -0.0066773  -9.4907e-05  0.0  0.0  0.0  0.0  -0.0051571  -9.6207e-06  -0.002983  -2.3836e-05  0.0  0.0  0.0  0.0  -0.0022253  -2.9489e-07  0.0  0.0
1855.0  -0.065944  0.020483  0.0  0.0  -0.084004  -0.10014  -0.018642  -0.0060623  0.0  0.0  0.0  0.0  -0.015196  -0.010338  -0.013496  -0.00079903  0.0  0.0  0.0  0.0  -0.011837  2.916e-05  -0.0069295  -0.00010472  0.0  0.0  0.0  0.0  -0.005407  -1.0727e-05  -0.0031393  -2.7075e-05  0.0  0.0  0.0  0.0  -0.0023661  -3.5435e-07  0.0  0.0
1860.0  -0.065585  0.020871  0.0  0.0  -0.083002  -0.10069  -0.018864  -0.006112  0.0  0.0  0.0  0.0  -0.015479  -0.01067  -0.0138  -0.00081655  0.0  0.0  0.0  0.0  -0.012241  2.3594e-05  -0.0071814  -0.0001153  0.0  0.0  0.0  0.0  -0.0056585  -1.1916e-05  -0.0032979  -3.0679e-05  0.0  0.0  0.0  0.0  -0.0025099  -4.2342e-07  0.0  0.0
1865.0  -0.065257  0.021191  0.0  0.0  -0.082016  -0.10116  -0.019085  -0.0061597  0.0  0.0  0.0  0.0  -0.015753  -0.010999  -0.014099  -0.00083465  0.0  0.0  0.0  0.0  -0.012644  1.7229e-05  -0.0074331  -0.00012669  0.0  0.0  0.0  0.0  -0.0059113  -1.3187e-05  -0.0034587  -3.4681e-05  0.0  0.0  0.0  0.0  -0.0026567  -5.0327e-07  0.0  0.0
1870.0  -0.064954  0.021447  0.0  0.0  -0.081045  -0.10156  -0.019307  -0.006206  0.0  0.0  0.0  0.0  -0.016018  -0.011327  -0.014394  -0.0008534  0.0  0.0  0.0  0.0  -0.013044  1.0015e-05  -0.0076845  -0.00013894  0.0  0.0  0.0  0.0  -0.0061653  -1.454e-05  -0.0036216  -3.9118e-05  0.0  0.0  0.0  0.0  -0.0028064  -5.9515e-07  0.0  0.0
1875.0  -0.064671  0.021644  0.0  0.0  -0.080089  -0.10188  -0.019528  -0.0062513  0.0  0.0  0.0  0.0  -0.016275  -0.011651  -0.014683  -0.00087283  0.0  0.0  0.0  0.0  -0.013442  1.9023e-06  -0.0079354  -0.00015207  0.0  0.0  0.0  0.0  -0.0064203  -1.5975e-05  -0.0037866  -4.4026e-05  0.0  0.0  0.0  0.0  -0.0029588  -7.0038e-07  0.0  0.0
1880.0  -0.064403  0.021786  0.0  0.0  -0.07915  -0.10214  -0.019749  -0.0062961  0.0  0.0  0.0  0.0  -0.016524  -0.011973  -0.014967  -0.00089298  0.0  0.0  0.0  0.0  -0.013837  -7.159e-06  -0.0081858  -0.00016612  0.0  0.0  0.0  0.0  -0.0066761  -1.7489e-05  -0.0039536  -4.9443e-05  0.0  0.0  0.0  0.0  -0.0031138  -8.204e-07  0.0  0.0
1885.0  -0.064145  0.021881  0.0  0.0  -0.078229  -0.10232  -0.01997  -0.0063408  0.0  0.0  0.0  0.0  -0.016766  -0.012292  -0.015247  -0.00091387  0.0  0.0  0.0  0.0  -0.014229  -1.7218e-05  -0.0084356  -0.00018112  0.0  0.0  0.0  0.0  -0.0069324  -1.9078e-05  -0.0041226  -5.5411e-05  0.0  0.0  0.0  0.0  -0.0032713  -9.5671e-07  0.0  0.0
1890.0  -0.063896  0.021932  0.0  0.0  -0.077329  -0.10244  -0.020191  -0.0063859  0.0  0.0  0.0  0.0  -0.017001  -0.012607  -0.015522  -0.00093554  0.0  0.0  0.0  0.0  -0.014619  -2.8322e-05  -0.0086848  -0.00019712  0.0  0.0  0.0  0.0  -0.0071892  -2.0737e-05  -0.0042934  -6.1973e-05  0.0  0.0  0.0  0.0  -0.0034312  -1.1109e-06  0.0  0.0
1895.0  -0.06365  0.021945  0.0  0.0  -0.076453  -0.1025  -0.020412  -0.0064316  0.0  0.0  0.0  0.0  -0.017229  -0.012919  -0.015792  -0.00095798  0.0  0.0  0.0  0.0  -0.015006  -4.0516e-05  -0.0089333  -0.00021413  0.0  0.0  0.0  0.0  -0.0074462  -2.2458e-05  -0.0044661  -6.9174e-05  0.0  0.0  0.0  0.0  -0.0035933  -1.2845e-06  0.0  0.0
1900.0  -0.063407  0.021925  0.0  0.0  -0.075604  -0.1025  -0.020632  -0.0064782  0.0  0.0  0.0  0.0  -0.01745  -0.013228  -0.016058  -0.0009812  0.0  0.0  0.0  0.0  -0.01539  -5.3839e-05  -0.009181  -0.00023218  0.0  0.0  0.0  0.0  -0.0077033  -2.4231e-05  -0.0046405  -7.706e-05  0.0  0.0  0.0  0.0  -0.0037577  -1.4794e-06  0.0  0.0
1905.0  -0.063164  0.021877  0.0  0.0  -0.074787  -0.10244  -0.020851  -0.0065259  0.0  0.0  0.0  0.0  -0.017665  -0.013534  -0.016319  -0.0010052  0.0  0.0  0.0  0.0  -0.015772  -6.8328e-05  -0.0094278  -0.0002513  0.0  0.0  0.0  0.0  -0.0079603  -2.6044e-05  -0.0048166  -8.5682e-05  0.0  0.0  0.0  0.0  -0.0039241  -1.6971e-06  0.0  0.0
1910.0  -0.062921  0.021807  0.0  0.0  -0.074005  -0.10233  -0.021069  -0.0065748  0.0  0.0  0.0  0.0  -0.017875  -0.013836  -0.016575  -0.0010299  0.0  0.0  0.0  0.0  -0.01615  -8.4013e-05  -0.0096737  -0.00027151  0.0  0.0  0.0  0.0  -0.0082172  -2.788e-05  -0.0049944  -9.509e-05  0.0  0.0  0.0  0.0  -0.0040924  -1.9395e-06  0.0  0.0
1915.0  -0.062678  0.021718  0.0  0.0  -0.07326  -0.10217  -0.021286  -0.0066248  0.0  0.0  0.0  0.0  -0.018079  -0.014135  -0.016827  -0.0010553  0.0  0.0  0.0  0.0  -0.016525  -0.00010092  -0.0099187  -0.00029284  0.0  0.0  0.0  0.0  -0.0084737  -2.9721e-05  -0.0051737  -0.00010534  0.0  0.0  0.0  0.0  -0.0042627  -2.2082e-06  0.0  0.0
1920.0  -0.062433  0.021615  0.0  0.0  -0.072556  -0.10198  -0.021501  -0.0066761  0.0  0.0  0.0  0.0  -0.018277  -0.014431  -0.017075  -0.0010815  0.0  0.0  0.0  0.0  -0.016898  -0.00011906  -0.010163  -0.00031529  0.0  0.0  0.0  0.0  -0.0087297  -3.1543e-05  -0.0053546  -0.00011648  0.0  0.0  0.0  0.0  -0.0044347  -2.505e-06  0.0  0.0
1925.0  -0.062189  0.021501  0.0  0.0  -0.071896  -0.10174  -0.021714  -0.0067285  0.0  0.0  0.0  0.0  -0.01847  -0.014724  -0.017318  -0.0011082  0.0  0.0  0.0  0.0  -0.017267  -0.00013846  -0.010405  -0.00033888  0.0  0.0  0.0  0.0  -0.0089851  -3.332e-05  -0.005537  -0.00012857  0.0  0.0  0.0  0.0  -0.0046084  -2.8315e-06  0.0  0.0
1930.0  -0.061946  0.021381  0.0  0.0  -0.071279  -0.10148  -0.021925  -0.0067818  0.0  0.0  0.0  0.0  -0.018659  -0.015014  -0.017558  -0.0011355  0.0  0.0  0.0  0.0  -0.017634  -0.00015911  -0.010647  -0.00036362  0.0  0.0  0.0  0.0  -0.0092398  -3.5018e-05  -0.0057208  -0.00014167  0.0  0.0  0.0  0.0  -0.0047837  -3.1894e-06  0.0  0.0
1935.0  -0.061706  0.021256  0.0  0.0  -0.070707  -0.1012  -0.022135  -0.0068359  0.0  0.0  0.0  0.0  -0.018842  -0.015302  -0.017793  -0.0011634  0.0  0.0  0.0  0.0  -0.017997  -0.00018102  -0.010888  -0.00038951  0.0  0.0  0.0  0.0  -0.0094937  -3.6602e-05  -0.0059059  -0.00015585  0.0  0.0  0.0  0.0  -0.0049604  -3.5801e-06  0.0  0.0
1940.0  -0.06147  0.021128  0.0  0.0  -0.070181  -0.10089  -0.022342  -0.0068906  0.0  0.0  0.0  0.0  -0.019021  -0.015587  -0.018024  -0.0011917  0.0  0.0  0.0  0.0  -0.018357  -0.00020419  -0.011127  -0.00041657  0.0  0.0  0.0  0.0  -0.0097466  -3.803e-05  -0.0060925  -0.00017115  0.0  0.0  0.0  0.0  -0.0051386  -4.0052e-06  0.0  0.0
1945.0  -0.061239  0.021  0.0  0.0  -0.069698  -0.10058  -0.022547  -0.0069458  0.0  0.0  0.0  0.0  -0.019195  -0.015869  -0.018251  -0.0012203  0.0  0.0  0.0  0.0  -0.018714  -0.00022861  -0.011365  -0.00044479  0.0  0.0  0.0  0.0  -0.0099984  -3.9256e-05  -0.0062802  -0.00018766  0.0  0.0  0.0  0.0  -0.0053182  -4.4659e-06  0.0  0.0
1950.0  -0.061017  0.020872  0.0  0.0  -0.069257  -0.10026  -0.02275  -0.0070011  0.0  0.0  0.0  0.0  -0.019364  -0.016149  -0.018473  -0.0012494  0.0  0.0  0.0  0.0  -0.019068  -0.00025427  -0.011602  -0.00047417  0.0  0.0  0.0  0.0  -0.010249  -4.0228e-05  -0.0064692  -0.00020543  0.0  0.0  0.0  0.0  -0.0054989  -4.9637e-06  0.0  0.0
1955.0  -0.060803  0.020744  0.0  0.0  -0.068857  -0.09994  -0.022951  -0.0070566  0.0  0.0  0.0  0.0  -0.019528  -0.016427  -0.018693  -0.0012786  0.0  0.0  0.0  0.0  -0.019419  -0.00028116  -0.011837  -0.00050471  0.0  0.0  0.0  0.0  -0.010499  -4.089e-05  -0.0066594  -0.00022454  0.0  0.0  0.0  0.0  -0.0056809  -5.4997e-06  0.0  0.0
1960.0  -0.0606  0.020618  0.0  0.0  -0.068494  -0.099625  -0.023149  -0.007112  0.0  0.0  0.0  0.0  -0.019687  -0.016702  -0.018908  -0.0013081  0.0  0.0  0.0  0.0  -0.019767  -0.00030927  -0.012071  -0.0005364  0.0  0.0  0.0  0.0  -0.010747  -4.1181e-05  -0.0068507  -0.00024504  0.0  0.0  0.0  0.0  -0.005864  -6.0751e-06  0.0  0.0
1965.0  -0.060409  0.020492  0.0  0.0  -0.068164  -0.099319  -0.023347  -0.0071672  0.0  0.0  0.0  0.0  -0.019841  -0.016976  -0.01912  -0.0013377  0.0  0.0  0.0  0.0  -0.020112  -0.00033861  -0.012303  -0.00056924  0.0  0.0  0.0  0.0  -0.010994  -4.1034e-05  -0.007043  -0.00026703  0.0  0.0  0.0  0.0  -0.0060481  -6.6908e-06  0.0  0.0
1970.0  -0.060231  0.020366  0.0  0.0  -0.067866  -0.099025  -0.023542  -0.0072223  0.0  0.0  0.0  0.0  -0.01999  -0.017248  -0.019328  -0.0013674  0.0  0.0  0.0  0.0  -0.020453  -0.00036915  -0.012534  -0.0006032  0.0  0.0  0.0  0.0  -0.011239  -4.0381e-05  -0.0072363  -0.00029056  0.0  0.0  0.0  0.0  -0.0062331  -7.3478e-06  0.0  0.0
1975.0  -0.060066  0.020239  0.0  0.0  -0.067594  -0.098746  -0.023736  -0.0072772  0.0  0.0  0.0  0.0  -0.020134  -0.017518  -0.019532  -0.0013972  0.0  0.0  0.0  0.0  -0.020792  -0.00040092  -0.012763  -0.00063829  0.0  0.0  0.0  0.0  -0.011483  -3.9146e-05  -0.0074305  -0.00031571  0.0  0.0  0.0  0.0  -0.0064191  -8.0471e-06  0.0  0.0
1980.0  -0.059915  0.02011  0.0  0.0  -0.067345  -0.098484  -0.023929  -0.007332  0.0  0.0  0.0  0.0  -0.020272  -0.017786  -0.019734  -0.001427  0.0  0.0  0.0  0.0  -0.021128  -0.0004339  -0.012991  -0.0006745  0.0  0.0  0.0  0.0  -0.011725  -3.7253e-05  -0.0076256  -0.00034257  0.0  0.0  0.0  0.0  -0.0066059  -8.7895e-06  0.0  0.0
1985.0  -0.059778  0.019979  0.0  0.0  -0.067115  -0.098241  -0.024121  -0.0073867  0.0  0.0  0.0  0.0  -0.020405  -0.018052  -0.019932  -0.0014567  0.0  0.0  0.0  0.0  -0.021461  -0.00046812  -0.013217  -0.00071182  0.0  0.0  0.0  0.0  -0.011966  -3.4621e-05  -0.0078216  -0.00037122  0.0  0.0  0.0  0.0  -0.0067935  -9.5757e-06  0.0  0.0
1990.0  -0.059654  0.019844  0.0  0.0  -0.0669  -0.098018  -0.024312  -0.0074415  0.0  0.0  0.0  0.0  -0.020531  -0.018317  -0.020127  -0.0014864  0.0  0.0  0.0  0.0  -0.021791  -0.00050359  -0.013442  -0.00075025  0.0  0.0  0.0  0.0  -0.012205  -3.1166e-05  -0.0080182  -0.00040175  0.0  0.0  0.0  0.0  -0.0069817  -1.0407e-05  0.0  0.0
1995.0  -0.059544  0.019703  0.0  0.0  -0.066697  -0.097814  -0.024502  -0.0074965  0.0  0.0  0.0  0.0  -0.020652  -0.018579  -0.020319  -0.001516  0.0  0.0  0.0  0.0  -0.022118  -0.00054033  -0.013665  -0.00078977  0.0  0.0  0.0  0.0  -0.012443  -2.6803e-05  -0.0082156  -0.00043426  0.0  0.0  0.0  0.0  -0.0071706  -1.1283e-05  0.0  0.0
2000.0  -0.059446  0.019557  0.0  0.0  -0.066502  -0.097631  -0.024691  -0.0075519  0.0  0.0  0.0  0.0  -0.020766  -0.01884  -0.020508  -0.0015455  0.0  0.0  0.0  0.0  -0.022442  -0.00057837  -0.013886  -0.00083041  0.0  0.0  0.0  0.0  -0.012679  -2.1445e-05  -0.0084136  -0.00046883  0.0  0.0  0.0  0.0  -0.0073602  -1.2204e-05  0.0  0.0
2005.0  -0.059359  0.019404  0.0  0.0  -0.066313  -0.097466  -0.024879  -0.0076079  0.0  0.0  0.0  0.0  -0.020874  -0.019099  -0.020694  -0.0015748  0.0  0.0  0.0  0.0  -0.022763  -0.00061773  -0.014106  -0.00087217  0.0  0.0  0.0  0.0  -0.012914  -1.5003e-05  -0.0086121  -0.00050559  0.0  0.0  0.0  0.0  -0.0075502  -1.3172e-05  0.0  0.0
2010.0  -0.059283  0.019244  0.0  0.0  -0.066127  -0.097321  -0.025067  -0.0076646  0.0  0.0  0.0  0.0  -0.020975  -0.019355  -0.020878  -0.0016041  0.0  0.0  0.0  0.0  -0.023082  -0.00065846  -0.014324  -0.00091505  0.0  0.0  0.0  0.0  -0.013147  -7.3914e-06  -0.008811  -0.00054463  0.0  0.0  0.0  0.0  -0.0077407  -1.4187e-05  0.0  0.0
2015.0  -0.059215  0.019076  0.0  0.0  -0.065941  -0.097193  -0.025253  -0.0077222  0.0  0.0  0.0  0.0  -0.021069  -0.01961  -0.021058  -0.0016331  0.0  0.0  0.0  0.0  -0.023398  -0.00070059  -0.014541  -0.00095907  0.0  0.0  0.0  0.0  -0.013378  1.477e-06  -0.0090103  -0.00058609  0.0  0.0  0.0  0.0  -0.0079317  -1.5249e-05  0.0  0.0
2020.0  -0.059154  0.018899  0.0  0.0  -0.065754  -0.097081  -0.025439  -0.0077808  0.0  0.0  0.0  0.0  -0.021155  -0.019862  -0.021237  -0.001662  0.0  0.0  0.0  0.0  -0.023711  -0.00074414  -0.014756  -0.0010043  0.0  0.0  0.0  0.0  -0.013609  1.1685e-05  -0.0092099  -0.00063008  0.0  0.0  0.0  0.0  -0.0081231  -1.6357e-05  0.0  0.0
2025.0  -0.0591  0.018715  0.0  0.0  -0.065563  -0.096984  -0.025623  -0.0078405  0.0  0.0  0.0  0.0  -0.021233  -0.020111  -0.021412  -0.0016907  0.0  0.0  0.0  0.0  -0.024022  -0.00078917  -0.014969  -0.0010506  0.0  0.0  0.0  0.0  -0.013837  2.3313e-05  -0.0094096  -0.00067675  0.0  0.0  0.0  0.0  -0.0083148  -1.7513e-05  0.0  0.0
2030.0  -0.05905  0.018522  0.0  0.0  -0.065369  -0.096901  -0.025806  -0.0079015  0.0  0.0  0.0  0.0  -0.021303  -0.020357  -0.021585  -0.0017193  0.0  0.0  0.0  0.0  -0.02433  -0.00083571  -0.01518  -0.0010982  0.0  0.0  0.0  0.0  -0.014065  3.6432e-05  -0.0096092  -0.00072622  0.0  0.0  0.0  0.0  -0.0085069  -1.8714e-05  0.0  0.0
2035.0  -0.059003  0.018322  0.0  0.0  -0.06517  -0.096831  -0.025988  -0.0079638  0.0  0.0  0.0  0.0  -0.021364  -0.020599  -0.021756  -0.0017476  0.0  0.0  0.0  0.0  -0.024635  -0.00088378  -0.01539  -0.001147  0.0  0.0  0.0  0.0  -0.014291  5.1109e-05  -0.0098087  -0.00077865  0.0  0.0  0.0  0.0  -0.0086992  -1.9962e-05  0.0  0.0
2040.0  -0.058959  0.018115  0.0  0.0  -0.064965  -0.096771  -0.026168  -0.0080275  0.0  0.0  0.0  0.0  -0.021416  -0.020838  -0.021925  -0.0017758  0.0  0.0  0.0  0.0  -0.024937  -0.00093342  -0.015597  -0.0011971  0.0  0.0  0.0  0.0  -0.014517  6.7398e-05  -0.010008  -0.00083416  0.0  0.0  0.0  0.0  -0.0088917  -2.1256e-05  0.0  0.0
2045.0  -0.058915  0.017902  0.0  0.0  -0.064755  -0.096721  -0.026346  -0.0080924  0.0  0.0  0.0  0.0  -0.021459  -0.021071  -0.022091  -0.0018037  0.0  0.0  0.0  0.0  -0.025237  -0.00098464  -0.015803  -0.0012485  0.0  0.0  0.0  0.0  -0.014741  8.5343e-05  -0.010207  -0.0008929  0.0  0.0  0.0  0.0  -0.0090844  -2.2593e-05  0.0  0.0
2050.0  -0.05887  0.017683  0.0  0.0  -0.064539  -0.096679  -0.026522  -0.0081588  0.0  0.0  0.0  0.0  -0.021492  -0.021299  -0.022255  -0.0018314  0.0  0.0  0.0  0.0  -0.025534  -0.0010375  -0.016007  -0.0013012  0.0  0.0  0.0  0.0  -0.014965  0.00010497  -0.010404  -0.00095499  0.0  0.0  0.0  0.0  -0.0092772  -2.3974e-05  0.0  0.0
2055.0  -0.058825  0.01746  0.0  0.0  -0.064318  -0.096647  -0.026696  -0.0082264  0.0  0.0  0.0  0.0  -0.021516  -0.021521  -0.022417  -0.0018589  0.0  0.0  0.0  0.0  -0.025828  -0.0010919  -0.016209  -0.0013552  0.0  0.0  0.0  0.0  -0.015188  0.0001263  -0.010601  -0.0010206  0.0  0.0  0.0  0.0  -0.0094702  -2.5396e-05  0.0  0.0
2060.0  -0.058777  0.017234  0.0  0.0  -0.064091  -0.096621  -0.026868  -0.0082952  0.0  0.0  0.0  0.0  -0.02153  -0.021736  -0.022577  -0.001886  0.0  0.0  0.0  0.0  -0.02612  -0.001148  -0.016408  -0.0014106  0.0  0.0  0.0  0.0  -0.015411  0.00014932  -0.010796  -0.0010897  0.0  0.0  0.0  0.0  -0.0096632  -2.6858e-05  0.0  0.0
2065.0  -0.058727  0.017005  0.0  0.0  -0.063859  -0.096603  -0.027037  -0.0083651  0.0  0.0  0.0  0.0  -0.021535  -0.021942  -0.022735  -0.0019129  0.0  0.0  0.0  0.0  -0.026408  -0.0012057  -0.016606  -0.0014672  0.0  0.0  0.0  0.0  -0.015633  0.00017401  -0.01099  -0.0011625  0.0  0.0  0.0  0.0  -0.0098563  -2.8358e-05  0.0  0.0
2070.0  -0.058675  0.016775  0.0  0.0  -0.063622  -0.096592  -0.027204  -0.008436  0.0  0.0  0.0  0.0  -0.02153  -0.02214  -0.022891  -0.0019394  0.0  0.0  0.0  0.0  -0.026694  -0.001265  -0.0168  -0.0015252  0.0  0.0  0.0  0.0  -0.015856  0.00020033  -0.011182  -0.0012389  0.0  0.0  0.0  0.0  -0.010049  -2.9895e-05  0.0  0.0
2075.0  -0.05862  0.016545  0.0  0.0  -0.06338  -0.096589  -0.027368  -0.0085078  0.0  0.0  0.0  0.0  -0.021517  -0.022327  -0.023045  -0.0019656  0.0  0.0  0.0  0.0  -0.026977  -0.0013259  -0.016993  -0.0015844  0.0  0.0  0.0  0.0  -0.016078  0.0002282  -0.011371  -0.0013191  0.0  0.0  0.0  0.0  -0.010243  -3.1465e-05  0.0  0.0
2080.0  -0.058562  0.016316  0.0  0.0  -0.063134  -0.096593  -0.02753  -0.0085804  0.0  0.0  0.0  0.0  -0.021495  -0.022504  -0.023197  -0.0019914  0.0  0.0  0.0  0.0  -0.027257  -0.0013884  -0.017182  -0.0016448  0.0  0.0  0.0  0.0  -0.016301  0.00025754  -0.011557  -0.0014029  0.0  0.0  0.0  0.0  -0.010436  -3.3068e-05  0.0  0.0
2085.0  -0.058501  0.016089  0.0  0.0  -0.062882  -0.096604  -0.027688  -0.0086536  0.0  0.0  0.0  0.0  -0.021466  -0.022669  -0.023347  -0.0020167  0.0  0.0  0.0  0.0  -0.027534  -0.0014525  -0.017369  -0.0017063  0.0  0.0  0.0  0.0  -0.016524  0.00028824  -0.01174  -0.0014902  0.0  0.0  0.0  0.0  -0.010629  -3.4702e-05  0.0  0.0
2090.0  -0.058437  0.015865  0.0  0.0  -0.062627  -0.096623  -0.027844  -0.0087273  0.0  0.0  0.0  0.0  -0.021431  -0.022821  -0.023496  -0.0020416  0.0  0.0  0.0  0.0  -0.027809  -0.0015181  -0.017554  -0.0017688  0.0  0.0  0.0  0.0  -0.016748  0.00032017  -0.01192  -0.0015808  0.0  0.0  0.0  0.0  -0.010821  -3.6365e-05  0.0  0.0
2095.0  -0.058372  0.015644  0.0  0.0  -0.062366  -0.096651  -0.027997  -0.0088013  0.0  0.0  0.0  0.0  -0.021389  -0.02296  -0.023643  -0.0020659  0.0  0.0  0.0  0.0  -0.02808  -0.0015851  -0.017735  -0.0018323  0.0  0.0  0.0  0.0  -0.016972  0.00035317  -0.012095  -0.0016746  0.0  0.0  0.0  0.0  -0.011014  -3.8055e-05  0.0  0.0
2100.0  -0.058305  0.015428  0.0  0.0  -0.062099  -0.096687  -0.028147  -0.0088756  0.0  0.0  0.0  0.0  -0.021344  -0.023086  -0.023788  -0.0020897  0.0  0.0  0.0  0.0  -0.028348  -0.0016536  -0.017913  -0.0018965  0.0  0.0  0.0  0.0  -0.017197  0.00038706  -0.012266  -0.0017712  0.0  0.0  0.0  0.0  -0.011207  -3.9774e-05  0.0  0.0
2105.0  -0.058236  0.015216  0.0  0.0  -0.061827  -0.096732  -0.028295  -0.0089499  0.0  0.0  0.0  0.0  -0.021295  -0.023197  -0.023932  -0.0021129  0.0  0.0  0.0  0.0  -0.028614  -0.0017236  -0.018088  -0.0019613  0.0  0.0  0.0  0.0  -0.017423  0.00042166  -0.012432  -0.0018702  0.0  0.0  0.0  0.0  -0.0114  -4.152e-05  0.0  0.0
2110.0  -0.058168  0.01501  0.0  0.0  -0.061548  -0.096787  -0.028439  -0.0090242  0.0  0.0  0.0  0.0  -0.021244  -0.023294  -0.024074  -0.0021355  0.0  0.0  0.0  0.0  -0.028877  -0.0017949  -0.01826  -0.0020266  0.0  0.0  0.0  0.0  -0.01765  0.00045675  -0.012593  -0.0019713  0.0  0.0  0.0  0.0  -0.011592  -4.3296e-05  0.0  0.0
2115.0  -0.058099  0.01481  0.0  0.0  -0.061261  -0.096851  -0.02858  -0.0090982  0.0  0.0  0.0  0.0  -0.021192  -0.023376  -0.024215  -0.0021574  0.0  0.0  0.0  0.0  -0.029136  -0.0018675  -0.018429  -0.0020921  0.0  0.0  0.0  0.0  -0.017879  0.0004921  -0.012749  -0.0020738  0.0  0.0  0.0  0.0  -0.011785  -4.5104e-05  0.0  0.0
2120.0  -0.058031  0.014615  0.0  0.0  -0.060966  -0.096925  -0.028719  -0.0091719  0.0  0.0  0.0  0.0  -0.021141  -0.023444  -0.024355  -0.0021787  0.0  0.0  0.0  0.0  -0.029393  -0.0019414  -0.018594  -0.0021577  0.0  0.0  0.0  0.0  -0.018108  0.0005275  -0.012899  -0.0021774  0.0  0.0  0.0  0.0  -0.011977  -4.6948e-05  0.0  0.0
2125.0  -0.057965  0.014427  0.0  0.0  -0.060663  -0.097008  -0.028855  -0.0092451  0.0  0.0  0.0  0.0  -0.021092  -0.023498  -0.024494  -0.0021993  0.0  0.0  0.0  0.0  -0.029647  -0.0020166  -0.018756  -0.0022231  0.0  0.0  0.0  0.0  -0.018338  0.00056269  -0.013043  -0.0022814  0.0  0.0  0.0  0.0  -0.012169  -4.8833e-05  0.0  0.0
2130.0  -0.057901  0.014244  0.0  0.0  -0.060348  -0.097101  -0.028988  -0.0093177  0.0  0.0  0.0  0.0  -0.021046  -0.023538  -0.024632  -0.0022191  0.0  0.0  0.0  0.0  -0.029899  -0.002093  -0.018915  -0.0022881  0.0  0.0  0.0  0.0  -0.01857  0.00059743  -0.013182  -0.0023853  0.0  0.0  0.0  0.0  -0.012361  -5.0767e-05  0.0  0.0
2135.0  -0.057841  0.014068  0.0  0.0  -0.060024  -0.097202  -0.029119  -0.0093896  0.0  0.0  0.0  0.0  -0.021004  -0.023565  -0.024769  -0.0022383  0.0  0.0  0.0  0.0  -0.030147  -0.0021705  -0.019071  -0.0023526  0.0  0.0  0.0  0.0  -0.018803  0.0006315  -0.013315  -0.0024886  0.0  0.0  0.0  0.0  -0.012552  -5.2758e-05  0.0  0.0
2140.0  -0.057783  0.013897  0.0  0.0  -0.059687  -0.097312  -0.029246  -0.0094606  0.0  0.0  0.0  0.0  -0.020968  -0.02358  -0.024905  -0.0022568  0.0  0.0  0.0  0.0  -0.030393  -0.0022492  -0.019224  -0.0024164  0.0  0.0  0.0  0.0  -0.019036  0.00066467  -0.013443  -0.0025907  0.0  0.0  0.0  0.0  -0.012744  -5.4818e-05  0.0  0.0
2145.0  -0.05773  0.013732  0.0  0.0  -0.059338  -0.097429  -0.029372  -0.0095308  0.0  0.0  0.0  0.0  -0.020939  -0.023583  -0.025041  -0.0022747  0.0  0.0  0.0  0.0  -0.030636  -0.0023291  -0.019374  -0.0024792  0.0  0.0  0.0  0.0  -0.019271  0.00069672  -0.013567  -0.0026912  0.0  0.0  0.0  0.0  -0.012935  -5.6959e-05  0.0  0.0
2150.0  -0.057682  0.013571  0.0  0.0  -0.058976  -0.097554  -0.029496  -0.0095999  0.0  0.0  0.0  0.0  -0.020918  -0.023576  -0.025177  -0.0022921  0.0  0.0  0.0  0.0  -0.030876  -0.00241  -0.019522  -0.0025408  0.0  0.0  0.0  0.0  -0.019506  0.00072747  -0.013685  -0.0027897  0.0  0.0  0.0  0.0  -0.013126  -5.9197e-05  0.0  0.0
2155.0  -0.057639  0.013415  0.0  0.0  -0.058601  -0.097685  -0.029617  -0.0096679  0.0  0.0  0.0  0.0  -0.020906  -0.02356  -0.025311  -0.0023089  0.0  0.0  0.0  0.0  -0.031114  -0.0024921  -0.019667  -0.0026013  0.0  0.0  0.0  0.0  -0.019742  0.00075676  -0.0138  -0.002886  0.0  0.0  0.0  0.0  -0.013318  -6.1548e-05  0.0  0.0
2160.0  -0.057602  0.013262  0.0  0.0  -0.058212  -0.097821  -0.029736  -0.0097349  0.0  0.0  0.0  0.0  -0.020902  -0.023535  -0.025446  -0.0023254  0.0  0.0  0.0  0.0  -0.031349  -0.0025752  -0.019809  -0.0026604  0.0  0.0  0.0  0.0  -0.019978  0.00078446  -0.01391  -0.0029796  0.0  0.0  0.0  0.0  -0.013508  -6.403e-05  0.0  0.0
2165.0  -0.057571  0.013111  0.0  0.0  -0.057809  -0.097963  -0.029854  -0.0098008  0.0  0.0  0.0  0.0  -0.020909  -0.023505  -0.025581  -0.0023416  0.0  0.0  0.0  0.0  -0.031582  -0.0026595  -0.01995  -0.0027181  0.0  0.0  0.0  0.0  -0.020214  0.00081048  -0.014018  -0.0030707  0.0  0.0  0.0  0.0  -0.013699  -6.6663e-05  0.0  0.0
2170.0  -0.057546  0.012963  0.0  0.0  -0.057393  -0.098109  -0.02997  -0.0098656  0.0  0.0  0.0  0.0  -0.020925  -0.02347  -0.025716  -0.0023577  0.0  0.0  0.0  0.0  -0.031812  -0.0027449  -0.020089  -0.0027743  0.0  0.0  0.0  0.0  -0.020451  0.00083475  -0.014122  -0.003159  0.0  0.0  0.0  0.0  -0.013889  -6.9466e-05  0.0  0.0
2175.0  -0.057528  0.012816  0.0  0.0  -0.056963  -0.098258  -0.030084  -0.0099295  0.0  0.0  0.0  0.0  -0.020952  -0.023431  -0.025851  -0.0023738  0.0  0.0  0.0  0.0  -0.03204  -0.0028314  -0.020226  -0.0028291  0.0  0.0  0.0  0.0  -0.020687  0.00085726  -0.014224  -0.0032447  0.0  0.0  0.0  0.0  -0.01408  -7.2461e-05  0.0  0.0
2180.0  -0.057515  0.01267  0.0  0.0  -0.056519  -0.098411  -0.030197  -0.0099923  0.0  0.0  0.0  0.0  -0.020989  -0.023389  -0.025986  -0.00239  0.0  0.0  0.0  0.0  -0.032265  -0.0029192  -0.020361  -0.0028825  0.0  0.0  0.0  0.0  -0.020922  0.000878  -0.014324  -0.0033278  0.0  0.0  0.0  0.0  -0.01427  -7.5669e-05  0.0  0.0
2185.0  -0.057509  0.012522  0.0  0.0  -0.056061  -0.098567  -0.030309  -0.010054  0.0  0.0  0.0  0.0  -0.021035  -0.023348  -0.026121  -0.0024065  0.0  0.0  0.0  0.0  -0.032488  -0.0030081  -0.020496  -0.0029345  0.0  0.0  0.0  0.0  -0.021157  0.00089701  -0.014422  -0.0034086  0.0  0.0  0.0  0.0  -0.014459  -7.9109e-05  0.0  0.0
2190.0  -0.057508  0.012374  0.0  0.0  -0.05559  -0.098726  -0.03042  -0.010116  0.0  0.0  0.0  0.0  -0.021091  -0.023307  -0.026256  -0.0024234  0.0  0.0  0.0  0.0  -0.032709  -0.0030982  -0.02063  -0.0029852  0.0  0.0  0.0  0.0  -0.021392  0.00091436  -0.014519  -0.0034873  0.0  0.0  0.0  0.0  -0.014649  -8.2803e-05  0.0  0.0
2195.0  -0.057512  0.012223  0.0  0.0  -0.055106  -0.098888  -0.030529  -0.010176  0.0  0.0  0.0  0.0  -0.021156  -0.023267  -0.026391  -0.0024409  0.0  0.0  0.0  0.0  -0.032927  -0.0031896  -0.020763  -0.0030347  0.0  0.0  0.0  0.0  -0.021625  0.00093014  -0.014615  -0.003564  0.0  0.0  0.0  0.0  -0.014838  -8.6767e-05  0.0  0.0
2200.0  -0.057521  0.012069  0.0  0.0  -0.054609  -0.099053  -0.030638  -0.010237  0.0  0.0  0.0  0.0  -0.021228  -0.023231  -0.026526  -0.0024591  0.0  0.0  0.0  0.0  -0.033143  -0.0032823  -0.020895  -0.0030833  0.0  0.0  0.0  0.0  -0.021858  0.00094443  -0.014709  -0.0036392  0.0  0.0  0.0  0.0  -0.015027  -9.102e-05  0.0  0.0
