#Partial waves for K Lambda -> K Lambda 
#columns: W S11  S31  P11  P13  P31  P33  D13  D15  D33  D35  F15  F17  F35  F37  G17  G19  G37  G39  H19  H39
1615.0  -0.0021982  0.013576  0.0  0.0  0.0031873  0.0011652  0.00025797  3.3609e-05  0.0  0.0  0.0  0.0  -2.4274e-06  4.0252e-06  5.11e-07  1.6256e-07  0.0  0.0  0.0  0.0  1.304e-08  5.931e-09  1.1523e-08  6.0818e-10  0.0  0.0  0.0  0.0  4.3717e-11  5.6191e-12  2.039e-11  1.4877e-12  0.0  0.0  0.0  0.0  6.8381e-14  1.5192e-14  0.0  0.0
1620.0  -0.0029391  0.019415  0.0  0.0  0.0097201  0.0037175  0.0007982  0.00011179  0.0  0.0  0.0  0.0  -1.5687e-05  2.5973e-05  3.4524e-06  1.1041e-06  0.0  0.0  0.0  0.0  1.8843e-07  9.3912e-08  1.6761e-07  8.9966e-09  0.0  0.0  0.0  0.0  1.3529e-09  1.7853e-10  6.3634e-10  4.6838e-11  0.0  0.0  0.0  0.0  1.2688e-11  1.0389e-12  0.0  0.0
1625.0  -0.0032236  0.023501  0.0  0.0  0.01773  0.0071031  0.0014816  0.00022366  0.0  0.0  0.0  0.0  -4.3183e-05  7.1594e-05  9.9445e-06  3.2026e-06  0.0  0.0  0.0  0.0  8.2153e-07  4.5067e-07  7.3889e-07  4.0296e-08  0.0  0.0  0.0  0.0  9.0205e-09  1.2193e-09  4.2784e-09  3.1688e-10  0.0  0.0  0.0  0.0  1.3259e-10  1.0878e-11  0.0  0.0
1630.0  -0.0031936  0.026741  0.0  0.0  0.026551  0.011144  0.0022629  0.000369  0.0  0.0  0.0  0.0  -8.5765e-05  0.00014277  2.068e-05  6.7215e-06  0.0  0.0  0.0  0.0  2.2563e-06  1.3691e-06  2.0642e-06  1.1431e-07  0.0  0.0  0.0  0.0  3.3452e-08  4.6232e-09  1.6e-08  1.1899e-09  0.0  0.0  0.0  0.0  6.6221e-10  5.5604e-11  0.0  0.0
1635.0  -0.0029047  0.029507  0.0  0.0  0.035778  0.01572  0.0031159  0.00054986  0.0  0.0  0.0  0.0  -0.00014312  0.00023981  3.6145e-05  1.1887e-05  0.0  0.0  0.0  0.0  4.822e-06  3.2538e-06  4.5227e-06  2.5426e-07  0.0  0.0  0.0  0.0  9.0764e-08  1.2806e-08  4.3781e-08  3.2639e-09  0.0  0.0  0.0  0.0  2.2511e-09  1.9402e-10  0.0  0.0
1640.0  -0.0024026  0.03201  0.0  0.0  0.045135  0.020729  0.0040224  0.00076945  0.0  0.0  0.0  0.0  -0.00021425  0.00036226  5.668e-05  1.8911e-05  0.0  0.0  0.0  0.0  8.7704e-06  6.6182e-06  8.519e-06  4.8616e-07  0.0  0.0  0.0  0.0  2.0275e-07  2.9165e-08  9.8626e-08  7.3616e-09  0.0  0.0  0.0  0.0  6.0298e-09  5.3392e-10  0.0  0.0
1645.0  -0.0017362  0.034391  0.0  0.0  0.054429  0.02608  0.0049683  0.0010317  0.0  0.0  0.0  0.0  -0.00029778  0.00050926  8.2505e-05  2.7997e-05  0.0  0.0  0.0  0.0  1.4207e-05  1.206e-05  1.4472e-05  8.3859e-07  0.0  0.0  0.0  0.0  3.9659e-07  5.811e-08  1.9455e-07  1.4527e-08  0.0  0.0  0.0  0.0  1.3729e-08  1.2496e-09  0.0  0.0
1650.0  -0.00095767  0.036745  0.0  0.0  0.063528  0.031691  0.0059418  0.0013411  0.0  0.0  0.0  0.0  -0.00039209  0.00067978  0.00011373  3.9333e-05  0.0  0.0  0.0  0.0  2.1029e-05  2.0203e-05  2.2809e-05  1.3426e-06  0.0  0.0  0.0  0.0  7.0444e-07  1.0506e-07  3.485e-07  2.602e-08  0.0  0.0  0.0  0.0  2.7782e-08  2.6005e-09  0.0  0.0
1655.0  -0.0001192  0.039133  0.0  0.0  0.072346  0.037493  0.0069319  0.0017024  0.0  0.0  0.0  0.0  -0.00049543  0.00087276  0.00015035  5.3081e-05  0.0  0.0  0.0  0.0  2.8889e-05  3.1601e-05  3.396e-05  2.0319e-06  0.0  0.0  0.0  0.0  1.1629e-06  1.7644e-07  5.8018e-07  4.3309e-08  0.0  0.0  0.0  0.0  5.1408e-08  4.9509e-09  0.0  0.0
1660.0  0.00073338  0.041591  0.0  0.0  0.08083  0.043426  0.0079277  0.0021202  0.0  0.0  0.0  0.0  -0.00060606  0.0010872  0.0001923  6.9363e-05  0.0  0.0  0.0  0.0  3.7214e-05  4.6618e-05  4.835e-05  2.943e-06  0.0  0.0  0.0  0.0  1.8127e-06  2.7969e-07  9.1195e-07  6.8068e-08  0.0  0.0  0.0  0.0  8.8678e-08  8.7901e-09  0.0  0.0
1665.0  0.0015682  0.044138  0.0  0.0  0.088959  0.049444  0.0089174  0.0025986  0.0  0.0  0.0  0.0  -0.00072228  0.0013221  0.00023942  8.8245e-05  0.0  0.0  0.0  0.0  4.5289e-05  6.5319e-05  6.6401e-05  4.1154e-06  0.0  0.0  0.0  0.0  2.6977e-06  4.2322e-07  1.3686e-06  1.0218e-07  0.0  0.0  0.0  0.0  1.4456e-07  1.4753e-08  0.0  0.0
1670.0  0.0023841  0.046773  0.0  0.0  0.096731  0.055521  0.0098885  0.0031404  0.0  0.0  0.0  0.0  -0.00084247  0.0015769  0.00029153  0.00010974  0.0  0.0  0.0  0.0  5.241e-05  8.742e-05  8.8525e-05  5.5923e-06  0.0  0.0  0.0  0.0  3.865e-06  6.1642e-07  1.9771e-06  1.4774e-07  0.0  0.0  0.0  0.0  2.2496e-07  2.3644e-08  0.0  0.0
1675.0  0.0032754  0.049491  0.0  0.0  0.10416  0.061647  0.010827  0.0037462  0.0  0.0  0.0  0.0  -0.00096523  0.0018507  0.00034843  0.00013379  0.0  0.0  0.0  0.0  5.8038e-05  0.00011232  0.00011513  7.4205e-06  0.0  0.0  0.0  0.0  5.3637e-06  8.6968e-07  2.7666e-06  2.0707e-07  0.0  0.0  0.0  0.0  3.3673e-07  3.6452e-08  0.0  0.0
1680.0  0.0046771  0.052452  0.0  0.0  0.11127  0.06782  0.01172  0.0044136  0.0  0.0  0.0  0.0  -0.0010893  0.0021432  0.00040991  0.0001603  0.0  0.0  0.0  0.0  6.1926e-05  0.00013924  0.00014659  9.6512e-06  0.0  0.0  0.0  0.0  7.2452e-06  1.1943e-06  3.7679e-06  2.8271e-07  0.0  0.0  0.0  0.0  4.8768e-07  5.4377e-08  0.0  0.0
1685.0  0.0073205  0.057599  0.0  0.0  0.11821  0.074044  0.012553  0.0051362  0.0  0.0  0.0  0.0  -0.0012137  0.0024539  0.00047577  0.00018916  0.0  0.0  0.0  0.0  6.4148e-05  0.00016733  0.00018331  1.234e-05  0.0  0.0  0.0  0.0  9.5621e-06  1.6026e-06  5.0138e-06  3.7745e-07  0.0  0.0  0.0  0.0  6.8658e-07  7.8842e-08  0.0  0.0
1690.0  0.0024754  0.068256  0.0  0.0  0.12518  0.080853  0.013317  0.0059078  0.0  0.0  0.0  0.0  -0.0013378  0.0027825  0.00054586  0.0002202  0.0  0.0  0.0  0.0  6.5053e-05  0.00019589  0.00022562  1.5546e-05  0.0  0.0  0.0  0.0  1.2368e-05  2.1078e-06  6.5382e-06  4.9432e-07  0.0  0.0  0.0  0.0  9.4314e-07  1.1151e-07  0.0  0.0
1695.0  -0.0041091  0.068534  0.0  0.0  0.13122  0.088546  0.013994  0.0067183  0.0  0.0  0.0  0.0  -0.0014611  0.0031288  0.00062002  0.00025328  0.0  0.0  0.0  0.0  6.517e-05  0.00022436  0.00027388  1.9334e-05  0.0  0.0  0.0  0.0  1.5718e-05  2.7238e-06  8.3767e-06  6.3662e-07  0.0  0.0  0.0  0.0  1.268e-06  1.5431e-07  0.0  0.0
1700.0  -0.0071893  0.068024  0.0  0.0  0.13614  0.096423  0.01458  0.0075457  0.0  0.0  0.0  0.0  -0.0015835  0.0034924  0.00069812  0.00028826  0.0  0.0  0.0  0.0  6.5097e-05  0.00025243  0.00032843  2.3774e-05  0.0  0.0  0.0  0.0  1.9666e-05  3.4655e-06  1.0566e-05  8.079e-07  0.0  0.0  0.0  0.0  1.6727e-06  2.0941e-07  0.0  0.0
1705.0  -0.0092205  0.067875  0.0  0.0  0.14006  0.10432  0.015075  0.0083722  0.0  0.0  0.0  0.0  -0.001705  0.0038729  0.00078006  0.00032499  0.0  0.0  0.0  0.0  6.5423e-05  0.00027996  0.00038956  2.8939e-05  0.0  0.0  0.0  0.0  2.4267e-05  4.3485e-06  1.3143e-05  1.012e-06  0.0  0.0  0.0  0.0  2.1696e-06  2.7926e-07  0.0  0.0
1710.0  -0.010826  0.067862  0.0  0.0  0.14298  0.1121  0.015487  0.0091825  0.0  0.0  0.0  0.0  -0.0018261  0.0042698  0.00086572  0.00036335  0.0  0.0  0.0  0.0  6.6672e-05  0.00030694  0.00045759  3.4907e-05  0.0  0.0  0.0  0.0  2.9577e-05  5.389e-06  1.6147e-05  1.2529e-06  0.0  0.0  0.0  0.0  2.7719e-06  3.6655e-07  0.0  0.0
1715.0  -0.012177  0.0679  0.0  0.0  0.14495  0.11963  0.015825  0.0099646  0.0  0.0  0.0  0.0  -0.0019474  0.0046824  0.00095501  0.00040323  0.0  0.0  0.0  0.0  6.9282e-05  0.00033348  0.00053278  4.1762e-05  0.0  0.0  0.0  0.0  3.5648e-05  6.6037e-06  1.9617e-05  1.5349e-06  0.0  0.0  0.0  0.0  3.4936e-06  4.7425e-07  0.0  0.0
1720.0  -0.013356  0.067958  0.0  0.0  0.14605  0.12677  0.016102  0.010711  0.0  0.0  0.0  0.0  -0.0020694  0.0051098  0.0010478  0.00044453  0.0  0.0  0.0  0.0  7.3598e-05  0.00035973  0.00061539  4.9591e-05  0.0  0.0  0.0  0.0  4.2535e-05  8.0096e-06  2.3592e-05  1.8625e-06  0.0  0.0  0.0  0.0  4.3495e-06  6.0555e-07  0.0  0.0
1725.0  -0.014413  0.068022  0.0  0.0  0.14636  0.13344  0.016329  0.011419  0.0  0.0  0.0  0.0  -0.002193  0.0055508  0.0011441  0.00048714  0.0  0.0  0.0  0.0  7.9886e-05  0.00038585  0.00070568  5.8483e-05  0.0  0.0  0.0  0.0  5.029e-05  9.6241e-06  2.8113e-05  2.2405e-06  0.0  0.0  0.0  0.0  5.355e-06  7.6388e-07  0.0  0.0
1730.0  -0.015383  0.06808  0.0  0.0  0.14601  0.13957  0.016519  0.012089  0.0  0.0  0.0  0.0  -0.0023189  0.0060041  0.0012437  0.00053098  0.0  0.0  0.0  0.0  8.8341e-05  0.00041203  0.00080388  6.8535e-05  0.0  0.0  0.0  0.0  5.8965e-05  1.1464e-05  3.3222e-05  2.6737e-06  0.0  0.0  0.0  0.0  6.5261e-06  9.5285e-07  0.0  0.0
1735.0  -0.016288  0.068123  0.0  0.0  0.14509  0.14512  0.01668  0.012725  0.0  0.0  0.0  0.0  -0.0024477  0.006468  0.0013466  0.00057597  0.0  0.0  0.0  0.0  9.9103e-05  0.00043843  0.00091019  7.9846e-05  0.0  0.0  0.0  0.0  6.8612e-05  1.3548e-05  3.8959e-05  3.1672e-06  0.0  0.0  0.0  0.0  7.8795e-06  1.1763e-06  0.0  0.0
1740.0  -0.01714  0.068145  0.0  0.0  0.14372  0.15008  0.016818  0.01333  0.0  0.0  0.0  0.0  -0.0025799  0.0069407  0.0014526  0.00062203  0.0  0.0  0.0  0.0  0.00011227  0.0004652  0.0010248  9.252e-05  0.0  0.0  0.0  0.0  7.9278e-05  1.5892e-05  4.5366e-05  3.7262e-06  0.0  0.0  0.0  0.0  9.4323e-06  1.4381e-06  0.0  0.0
1745.0  -0.01795  0.068141  0.0  0.0  0.14197  0.15446  0.016937  0.013909  0.0  0.0  0.0  0.0  -0.0027157  0.0074203  0.0015618  0.00066909  0.0  0.0  0.0  0.0  0.0001279  0.00049248  0.0011479  0.00010666  0.0  0.0  0.0  0.0  9.1013e-05  1.8514e-05  5.2484e-05  4.356e-06  0.0  0.0  0.0  0.0  1.1202e-05  1.7423e-06  0.0  0.0
1750.0  -0.018722  0.068107  0.0  0.0  0.13994  0.15827  0.017039  0.014467  0.0  0.0  0.0  0.0  -0.0028552  0.0079049  0.0016741  0.00071708  0.0  0.0  0.0  0.0  0.00014604  0.00052036  0.0012798  0.00012239  0.0  0.0  0.0  0.0  0.00010387  2.1429e-05  6.0355e-05  5.0621e-06  0.0  0.0  0.0  0.0  1.3208e-05  2.0932e-06  0.0  0.0
1755.0  -0.019461  0.068042  0.0  0.0  0.13769  0.16154  0.017126  0.015006  0.0  0.0  0.0  0.0  -0.0029981  0.0083925  0.0017893  0.00076593  0.0  0.0  0.0  0.0  0.0001667  0.00054895  0.0014204  0.00013983  0.0  0.0  0.0  0.0  0.00011788  2.4655e-05  6.9022e-05  5.8502e-06  0.0  0.0  0.0  0.0  1.5466e-05  2.495e-06  0.0  0.0
1760.0  -0.020169  0.067943  0.0  0.0  0.1353  0.1643  0.017197  0.015531  0.0  0.0  0.0  0.0  -0.0031439  0.0088813  0.0019074  0.00081559  0.0  0.0  0.0  0.0  0.0001899  0.00057831  0.00157  0.00015909  0.0  0.0  0.0  0.0  0.0001331  2.8206e-05  7.8527e-05  6.7262e-06  0.0  0.0  0.0  0.0  1.7998e-05  2.9519e-06  0.0  0.0
1765.0  -0.020847  0.067811  0.0  0.0  0.13279  0.16657  0.017252  0.016041  0.0  0.0  0.0  0.0  -0.0032921  0.0093696  0.0020284  0.000866  0.0  0.0  0.0  0.0  0.00021565  0.00060851  0.0017287  0.00018032  0.0  0.0  0.0  0.0  0.00014957  3.2098e-05  8.8912e-05  7.6961e-06  0.0  0.0  0.0  0.0  2.0821e-05  3.4683e-06  0.0  0.0
1770.0  -0.021494  0.067645  0.0  0.0  0.13024  0.16838  0.017291  0.016539  0.0  0.0  0.0  0.0  -0.0034418  0.0098559  0.0021523  0.00091711  0.0  0.0  0.0  0.0  0.00024392  0.00063959  0.0018967  0.00020365  0.0  0.0  0.0  0.0  0.00016733  3.6344e-05  0.00010022  8.7664e-06  0.0  0.0  0.0  0.0  2.3955e-05  4.0485e-06  0.0  0.0
1775.0  -0.022112  0.067446  0.0  0.0  0.12767  0.16978  0.017314  0.017025  0.0  0.0  0.0  0.0  -0.003592  0.010339  0.0022789  0.00096888  0.0  0.0  0.0  0.0  0.00027471  0.00067158  0.0020741  0.00022925  0.0  0.0  0.0  0.0  0.00018643  4.096e-05  0.00011249  9.9438e-06  0.0  0.0  0.0  0.0  2.7419e-05  4.6969e-06  0.0  0.0
1780.0  -0.022699  0.067215  0.0  0.0  0.12512  0.17079  0.01732  0.017498  0.0  0.0  0.0  0.0  -0.003742  0.010817  0.0024083  0.0010213  0.0  0.0  0.0  0.0  0.00030802  0.0007045  0.0022609  0.00025727  0.0  0.0  0.0  0.0  0.00020689  4.5958e-05  0.00012577  1.1235e-05  0.0  0.0  0.0  0.0  3.1233e-05  5.4177e-06  0.0  0.0
1785.0  -0.023254  0.066953  0.0  0.0  0.12263  0.17145  0.017311  0.017959  0.0  0.0  0.0  0.0  -0.0038905  0.011291  0.0025405  0.0010743  0.0  0.0  0.0  0.0  0.00034383  0.00073835  0.0024572  0.00028789  0.0  0.0  0.0  0.0  0.00022877  5.1352e-05  0.00014009  1.2649e-05  0.0  0.0  0.0  0.0  3.5416e-05  6.2153e-06  0.0  0.0
1790.0  -0.023775  0.066662  0.0  0.0  0.12022  0.1718  0.017285  0.018407  0.0  0.0  0.0  0.0  -0.0040368  0.011758  0.0026754  0.0011279  0.0  0.0  0.0  0.0  0.00038214  0.00077315  0.0026632  0.0003213  0.0  0.0  0.0  0.0  0.00025209  5.7153e-05  0.00015551  1.4193e-05  0.0  0.0  0.0  0.0  3.9989e-05  7.0941e-06  0.0  0.0
1795.0  -0.024263  0.066345  0.0  0.0  0.1179  0.17188  0.017245  0.018842  0.0  0.0  0.0  0.0  -0.00418  0.012219  0.0028129  0.001182  0.0  0.0  0.0  0.0  0.00042293  0.00080888  0.0028788  0.00035771  0.0  0.0  0.0  0.0  0.00027689  6.3376e-05  0.00017206  1.5875e-05  0.0  0.0  0.0  0.0  4.4971e-05  8.0584e-06  0.0  0.0
1800.0  -0.024717  0.066005  0.0  0.0  0.1157  0.17172  0.01719  0.019264  0.0  0.0  0.0  0.0  -0.0043193  0.012674  0.0029531  0.0012366  0.0  0.0  0.0  0.0  0.00046619  0.00084555  0.0031041  0.00039733  0.0  0.0  0.0  0.0  0.0003032  7.0032e-05  0.00018978  1.7708e-05  0.0  0.0  0.0  0.0  5.0381e-05  9.1127e-06  0.0  0.0
1805.0  -0.025134  0.065644  0.0  0.0  0.11362  0.17135  0.017122  0.019673  0.0  0.0  0.0  0.0  -0.0044542  0.013121  0.0030959  0.0012918  0.0  0.0  0.0  0.0  0.00051193  0.00088313  0.0033392  0.00044038  0.0  0.0  0.0  0.0  0.00033106  7.7133e-05  0.00020871  1.97e-05  0.0  0.0  0.0  0.0  5.6238e-05  1.0261e-05  0.0  0.0
1810.0  -0.025516  0.065267  0.0  0.0  0.11168  0.17082  0.017041  0.020067  0.0  0.0  0.0  0.0  -0.0045843  0.013561  0.0032413  0.0013476  0.0  0.0  0.0  0.0  0.00056014  0.00092162  0.003584  0.00048713  0.0  0.0  0.0  0.0  0.00036049  8.4691e-05  0.0002289  2.1863e-05  0.0  0.0  0.0  0.0  6.2563e-05  1.1509e-05  0.0  0.0
1815.0  -0.025863  0.064875  0.0  0.0  0.10985  0.17015  0.016947  0.020449  0.0  0.0  0.0  0.0  -0.0047091  0.013994  0.0033894  0.0014039  0.0  0.0  0.0  0.0  0.00061082  0.000961  0.0038385  0.00053781  0.0  0.0  0.0  0.0  0.00039152  9.2719e-05  0.00025038  2.4212e-05  0.0  0.0  0.0  0.0  6.9373e-05  1.2859e-05  0.0  0.0
1820.0  -0.026174  0.064473  0.0  0.0  0.10815  0.16938  0.016842  0.020815  0.0  0.0  0.0  0.0  -0.0048286  0.01442  0.0035399  0.0014607  0.0  0.0  0.0  0.0  0.00066397  0.0010012  0.0041027  0.00059272  0.0  0.0  0.0  0.0  0.00042417  0.00010123  0.00027319  2.6761e-05  0.0  0.0  0.0  0.0  7.6688e-05  1.4318e-05  0.0  0.0
1825.0  -0.026451  0.064064  0.0  0.0  0.10657  0.16852  0.016725  0.021168  0.0  0.0  0.0  0.0  -0.0049426  0.014838  0.003693  0.0015181  0.0  0.0  0.0  0.0  0.0007196  0.0010424  0.0043764  0.00065212  0.0  0.0  0.0  0.0  0.00045848  0.00011023  0.00029738  2.9524e-05  0.0  0.0  0.0  0.0  8.4526e-05  1.5889e-05  0.0  0.0
1830.0  -0.026696  0.063651  0.0  0.0  0.10509  0.16759  0.016599  0.021506  0.0  0.0  0.0  0.0  -0.005051  0.015247  0.0038486  0.0015761  0.0  0.0  0.0  0.0  0.00077769  0.0010844  0.0046597  0.00071632  0.0  0.0  0.0  0.0  0.00049444  0.00011974  0.00032297  3.252e-05  0.0  0.0  0.0  0.0  9.2905e-05  1.7577e-05  0.0  0.0
1835.0  -0.026909  0.063236  0.0  0.0  0.10371  0.16661  0.016462  0.021829  0.0  0.0  0.0  0.0  -0.0051539  0.015649  0.0040067  0.0016346  0.0  0.0  0.0  0.0  0.00083827  0.0011272  0.0049523  0.0007856  0.0  0.0  0.0  0.0  0.0005321  0.00012977  0.00035001  3.5767e-05  0.0  0.0  0.0  0.0  0.00010184  1.9388e-05  0.0  0.0
1840.0  -0.027092  0.062822  0.0  0.0  0.10242  0.1656  0.016316  0.022136  0.0  0.0  0.0  0.0  -0.0052511  0.016041  0.0041671  0.0016938  0.0  0.0  0.0  0.0  0.00090133  0.0011709  0.0052541  0.00086029  0.0  0.0  0.0  0.0  0.00057146  0.00014032  0.00037853  3.9286e-05  0.0  0.0  0.0  0.0  0.00011136  2.1326e-05  0.0  0.0
1845.0  -0.027249  0.062412  0.0  0.0  0.10121  0.16456  0.016162  0.022427  0.0  0.0  0.0  0.0  -0.0053425  0.016423  0.00433  0.0017537  0.0  0.0  0.0  0.0  0.00096686  0.0012154  0.005565  0.00094067  0.0  0.0  0.0  0.0  0.00061254  0.00015142  0.00040857  4.31e-05  0.0  0.0  0.0  0.0  0.00012146  2.3396e-05  0.0  0.0
1850.0  -0.02738  0.062007  0.0  0.0  0.10006  0.16351  0.016  0.022701  0.0  0.0  0.0  0.0  -0.0054278  0.016796  0.0044952  0.0018141  0.0  0.0  0.0  0.0  0.0010349  0.0012607  0.0058846  0.0010271  0.0  0.0  0.0  0.0  0.00065535  0.00016308  0.00044015  4.7231e-05  0.0  0.0  0.0  0.0  0.00013217  2.5604e-05  0.0  0.0
1855.0  -0.027489  0.061607  0.0  0.0  0.098981  0.16244  0.015832  0.022958  0.0  0.0  0.0  0.0  -0.0055067  0.017157  0.0046627  0.0018753  0.0  0.0  0.0  0.0  0.0011054  0.0013069  0.0062128  0.0011198  0.0  0.0  0.0  0.0  0.0006999  0.0001753  0.00047332  5.1707e-05  0.0  0.0  0.0  0.0  0.00014351  2.7954e-05  0.0  0.0
1860.0  -0.027577  0.061215  0.0  0.0  0.097954  0.16135  0.015659  0.023196  0.0  0.0  0.0  0.0  -0.0055786  0.017507  0.0048324  0.0019372  0.0  0.0  0.0  0.0  0.0011783  0.001354  0.0065493  0.0012191  0.0  0.0  0.0  0.0  0.00074619  0.0001881  0.00050809  5.6555e-05  0.0  0.0  0.0  0.0  0.00015549  3.0452e-05  0.0  0.0
1865.0  -0.027646  0.06083  0.0  0.0  0.096978  0.16026  0.015482  0.023415  0.0  0.0  0.0  0.0  -0.0056428  0.017844  0.0050044  0.0019999  0.0  0.0  0.0  0.0  0.0012537  0.001402  0.0068937  0.0013253  0.0  0.0  0.0  0.0  0.00079425  0.0002015  0.00054451  6.1804e-05  0.0  0.0  0.0  0.0  0.00016812  3.3104e-05  0.0  0.0
1870.0  -0.027699  0.060454  0.0  0.0  0.096047  0.15916  0.015304  0.023616  0.0  0.0  0.0  0.0  -0.0056985  0.018169  0.0051785  0.0020634  0.0  0.0  0.0  0.0  0.0013316  0.0014509  0.0072458  0.0014386  0.0  0.0  0.0  0.0  0.00084406  0.0002155  0.0005826  6.7486e-05  0.0  0.0  0.0  0.0  0.00018142  3.5913e-05  0.0  0.0
1875.0  -0.027738  0.060085  0.0  0.0  0.095161  0.15805  0.015125  0.023797  0.0  0.0  0.0  0.0  -0.0057448  0.01848  0.0053548  0.0021276  0.0  0.0  0.0  0.0  0.0014119  0.0015006  0.0076052  0.0015594  0.0  0.0  0.0  0.0  0.00089564  0.00023011  0.00062238  7.3634e-05  0.0  0.0  0.0  0.0  0.00019541  3.8887e-05  0.0  0.0
1880.0  -0.027763  0.059724  0.0  0.0  0.094317  0.15694  0.014949  0.023959  0.0  0.0  0.0  0.0  -0.0057805  0.018778  0.0055332  0.0021928  0.0  0.0  0.0  0.0  0.0014946  0.0015513  0.0079716  0.0016879  0.0  0.0  0.0  0.0  0.00094898  0.00024535  0.00066388  8.0284e-05  0.0  0.0  0.0  0.0  0.00021009  4.2031e-05  0.0  0.0
1885.0  -0.027777  0.05937  0.0  0.0  0.093516  0.15582  0.014776  0.024103  0.0  0.0  0.0  0.0  -0.0058046  0.019062  0.0057135  0.0022588  0.0  0.0  0.0  0.0  0.0015797  0.0016029  0.0083444  0.0018242  0.0  0.0  0.0  0.0  0.0010041  0.00026123  0.00070713  8.7474e-05  0.0  0.0  0.0  0.0  0.00022548  4.5348e-05  0.0  0.0
1890.0  -0.02778  0.059023  0.0  0.0  0.092757  0.15469  0.014609  0.024229  0.0  0.0  0.0  0.0  -0.0058158  0.019333  0.0058959  0.0023258  0.0  0.0  0.0  0.0  0.0016672  0.0016555  0.0087234  0.0019687  0.0  0.0  0.0  0.0  0.0010609  0.00027776  0.00075215  9.5242e-05  0.0  0.0  0.0  0.0  0.00024159  4.8846e-05  0.0  0.0
1895.0  -0.027774  0.058682  0.0  0.0  0.092042  0.15356  0.01445  0.024337  0.0  0.0  0.0  0.0  -0.0058128  0.019591  0.0060802  0.0023937  0.0  0.0  0.0  0.0  0.001757  0.0017091  0.0091081  0.0021215  0.0  0.0  0.0  0.0  0.0011196  0.00029494  0.00079895  0.00010363  0.0  0.0  0.0  0.0  0.00025843  5.253e-05  0.0  0.0
1900.0  -0.027758  0.058346  0.0  0.0  0.091371  0.15243  0.014299  0.02443  0.0  0.0  0.0  0.0  -0.0057943  0.019836  0.0062664  0.0024627  0.0  0.0  0.0  0.0  0.0018492  0.0017637  0.0094981  0.0022828  0.0  0.0  0.0  0.0  0.00118  0.0003128  0.00084756  0.00011268  0.0  0.0  0.0  0.0  0.00027602  5.6404e-05  0.0  0.0
1905.0  -0.027735  0.058015  0.0  0.0  0.090747  0.15131  0.014159  0.024509  0.0  0.0  0.0  0.0  -0.0057592  0.020069  0.0064545  0.0025327  0.0  0.0  0.0  0.0  0.0019436  0.0018193  0.0098929  0.0024528  0.0  0.0  0.0  0.0  0.0012421  0.00033132  0.00089799  0.00012245  0.0  0.0  0.0  0.0  0.00029437  6.0474e-05  0.0  0.0
1910.0  -0.027703  0.057689  0.0  0.0  0.090169  0.15018  0.014032  0.024574  0.0  0.0  0.0  0.0  -0.0057063  0.020291  0.0066443  0.0026037  0.0  0.0  0.0  0.0  0.0020403  0.001876  0.010292  0.0026316  0.0  0.0  0.0  0.0  0.001306  0.00035054  0.00095026  0.00013297  0.0  0.0  0.0  0.0  0.00031348  6.4744e-05  0.0  0.0
1915.0  -0.027663  0.057367  0.0  0.0  0.089639  0.14907  0.013916  0.024629  0.0  0.0  0.0  0.0  -0.0056345  0.020504  0.006836  0.0026759  0.0  0.0  0.0  0.0  0.0021393  0.0019337  0.010695  0.0028193  0.0  0.0  0.0  0.0  0.0013716  0.00037044  0.0010044  0.0001443  0.0  0.0  0.0  0.0  0.00033337  6.9221e-05  0.0  0.0
1920.0  -0.027615  0.057048  0.0  0.0  0.089157  0.14797  0.013815  0.024675  0.0  0.0  0.0  0.0  -0.0055429  0.020708  0.0070294  0.0027493  0.0  0.0  0.0  0.0  0.0022405  0.0019925  0.011102  0.0030161  0.0  0.0  0.0  0.0  0.001439  0.00039104  0.0010604  0.0001565  0.0  0.0  0.0  0.0  0.00035405  7.3908e-05  0.0  0.0
1925.0  -0.027558  0.056733  0.0  0.0  0.088722  0.14688  0.013727  0.024715  0.0  0.0  0.0  0.0  -0.0054309  0.020906  0.0072245  0.002824  0.0  0.0  0.0  0.0  0.0023438  0.0020524  0.011511  0.003222  0.0  0.0  0.0  0.0  0.0015081  0.00041234  0.0011182  0.00016961  0.0  0.0  0.0  0.0  0.00037553  7.8811e-05  0.0  0.0
1930.0  -0.027493  0.056421  0.0  0.0  0.088333  0.14582  0.013654  0.024749  0.0  0.0  0.0  0.0  -0.0052977  0.021098  0.0074213  0.0028999  0.0  0.0  0.0  0.0  0.0024493  0.0021135  0.011923  0.0034372  0.0  0.0  0.0  0.0  0.0015789  0.00043435  0.001178  0.00018371  0.0  0.0  0.0  0.0  0.00039782  8.3934e-05  0.0  0.0
1935.0  -0.027419  0.056113  0.0  0.0  0.08799  0.14478  0.013593  0.024779  0.0  0.0  0.0  0.0  -0.0051432  0.021287  0.0076197  0.0029772  0.0  0.0  0.0  0.0  0.002557  0.0021758  0.012337  0.0036616  0.0  0.0  0.0  0.0  0.0016514  0.00045708  0.0012396  0.00019884  0.0  0.0  0.0  0.0  0.00042092  8.9282e-05  0.0  0.0
1940.0  -0.027337  0.055808  0.0  0.0  0.087689  0.14378  0.013547  0.024808  0.0  0.0  0.0  0.0  -0.0049673  0.021474  0.0078198  0.003056  0.0  0.0  0.0  0.0  0.0026667  0.0022392  0.012753  0.0038954  0.0  0.0  0.0  0.0  0.0017257  0.00048052  0.0013031  0.00021507  0.0  0.0  0.0  0.0  0.00044485  9.4859e-05  0.0  0.0
1945.0  -0.027245  0.055507  0.0  0.0  0.087428  0.1428  0.013513  0.024838  0.0  0.0  0.0  0.0  -0.0047702  0.021663  0.0080215  0.0031362  0.0  0.0  0.0  0.0  0.0027785  0.0023039  0.01317  0.0041384  0.0  0.0  0.0  0.0  0.0018016  0.00050468  0.0013685  0.00023246  0.0  0.0  0.0  0.0  0.00046962  0.00010067  0.0  0.0
1950.0  -0.027145  0.055211  0.0  0.0  0.087205  0.14187  0.013491  0.024868  0.0  0.0  0.0  0.0  -0.0045523  0.021853  0.0082247  0.0032181  0.0  0.0  0.0  0.0  0.0028923  0.0023698  0.013587  0.0043907  0.0  0.0  0.0  0.0  0.0018793  0.00052957  0.0014357  0.00025109  0.0  0.0  0.0  0.0  0.00049522  0.00010672  0.0  0.0
1955.0  -0.027036  0.05492  0.0  0.0  0.087016  0.14097  0.013479  0.024902  0.0  0.0  0.0  0.0  -0.0043143  0.022048  0.0084294  0.0033017  0.0  0.0  0.0  0.0  0.003008  0.002437  0.014004  0.0046523  0.0  0.0  0.0  0.0  0.0019587  0.00055518  0.0015049  0.00027102  0.0  0.0  0.0  0.0  0.00052168  0.00011301  0.0  0.0
1960.0  -0.026918  0.054634  0.0  0.0  0.086857  0.14011  0.013478  0.024939  0.0  0.0  0.0  0.0  -0.0040572  0.022248  0.0086356  0.003387  0.0  0.0  0.0  0.0  0.0031257  0.0025055  0.014421  0.0049231  0.0  0.0  0.0  0.0  0.0020397  0.00058152  0.0015759  0.00029233  0.0  0.0  0.0  0.0  0.000549  0.00011955  0.0  0.0
1965.0  -0.02679  0.054354  0.0  0.0  0.086724  0.1393  0.013485  0.024981  0.0  0.0  0.0  0.0  -0.003782  0.022456  0.0088431  0.0034743  0.0  0.0  0.0  0.0  0.0032453  0.0025753  0.014836  0.0052029  0.0  0.0  0.0  0.0  0.0021225  0.00060859  0.0016487  0.00031508  0.0  0.0  0.0  0.0  0.00057719  0.00012633  0.0  0.0
1970.0  -0.026655  0.054081  0.0  0.0  0.086615  0.13853  0.013499  0.025028  0.0  0.0  0.0  0.0  -0.0034899  0.022673  0.0090521  0.0035635  0.0  0.0  0.0  0.0  0.0033667  0.0026465  0.015251  0.0054918  0.0  0.0  0.0  0.0  0.0022069  0.00063641  0.0017234  0.00033936  0.0  0.0  0.0  0.0  0.00060626  0.00013338  0.0  0.0
1975.0  -0.026511  0.053814  0.0  0.0  0.086525  0.1378  0.013519  0.02508  0.0  0.0  0.0  0.0  -0.0031824  0.022901  0.0092622  0.0036549  0.0  0.0  0.0  0.0  0.0034899  0.0027189  0.015664  0.0057895  0.0  0.0  0.0  0.0  0.0022931  0.00066496  0.0017999  0.00036525  0.0  0.0  0.0  0.0  0.0006362  0.00014068  0.0  0.0
1980.0  -0.02636  0.053554  0.0  0.0  0.086452  0.13712  0.013545  0.025138  0.0  0.0  0.0  0.0  -0.002861  0.023139  0.0094736  0.0037484  0.0  0.0  0.0  0.0  0.0036148  0.0027927  0.016075  0.006096  0.0  0.0  0.0  0.0  0.0023809  0.00069425  0.0018782  0.00039283  0.0  0.0  0.0  0.0  0.00066704  0.00014824  0.0  0.0
1985.0  -0.026202  0.053303  0.0  0.0  0.086391  0.13648  0.013574  0.025202  0.0  0.0  0.0  0.0  -0.0025272  0.02339  0.009686  0.0038443  0.0  0.0  0.0  0.0  0.0037414  0.0028678  0.016484  0.0064112  0.0  0.0  0.0  0.0  0.0024705  0.0007243  0.0019583  0.00042219  0.0  0.0  0.0  0.0  0.00069876  0.00015607  0.0  0.0
1990.0  -0.026037  0.053059  0.0  0.0  0.08634  0.13589  0.013606  0.025271  0.0  0.0  0.0  0.0  -0.0021828  0.023653  0.0098994  0.0039426  0.0  0.0  0.0  0.0  0.0038697  0.0029443  0.016889  0.0067349  0.0  0.0  0.0  0.0  0.0025618  0.0007551  0.0020401  0.00045343  0.0  0.0  0.0  0.0  0.0007314  0.00016417  0.0  0.0
1995.0  -0.025866  0.052823  0.0  0.0  0.086297  0.13533  0.01364  0.025346  0.0  0.0  0.0  0.0  -0.0018292  0.02393  0.010114  0.0040434  0.0  0.0  0.0  0.0  0.0039996  0.003022  0.017292  0.0070672  0.0  0.0  0.0  0.0  0.0026547  0.00078668  0.0021237  0.00048665  0.0  0.0  0.0  0.0  0.00076493  0.00017254  0.0  0.0
2000.0  -0.02569  0.052596  0.0  0.0  0.086259  0.13482  0.013675  0.025427  0.0  0.0  0.0  0.0  -0.0014681  0.024221  0.010329  0.0041468  0.0  0.0  0.0  0.0  0.0041312  0.0031011  0.017692  0.0074079  0.0  0.0  0.0  0.0  0.0027494  0.00081903  0.0022089  0.00052194  0.0  0.0  0.0  0.0  0.00079939  0.0001812  0.0  0.0
2005.0  -0.025509  0.052377  0.0  0.0  0.086224  0.13434  0.01371  0.025512  0.0  0.0  0.0  0.0  -0.0011012  0.024525  0.010544  0.0042528  0.0  0.0  0.0  0.0  0.0042643  0.0031814  0.018088  0.007757  0.0  0.0  0.0  0.0  0.0028458  0.00085218  0.0022958  0.00055944  0.0  0.0  0.0  0.0  0.00083475  0.00019014  0.0  0.0
2010.0  -0.025324  0.052167  0.0  0.0  0.086192  0.1339  0.013745  0.025602  0.0  0.0  0.0  0.0  -0.00072987  0.024844  0.01076  0.0043616  0.0  0.0  0.0  0.0  0.0043989  0.003263  0.018481  0.0081147  0.0  0.0  0.0  0.0  0.0029439  0.00088613  0.0023843  0.00059925  0.0  0.0  0.0  0.0  0.00087104  0.00019936  0.0  0.0
2015.0  -0.025135  0.051965  0.0  0.0  0.086161  0.1335  0.013778  0.025696  0.0  0.0  0.0  0.0  -0.00035569  0.025176  0.010977  0.0044733  0.0  0.0  0.0  0.0  0.0045351  0.0033459  0.018869  0.0084809  0.0  0.0  0.0  0.0  0.0030437  0.0009209  0.0024743  0.00064152  0.0  0.0  0.0  0.0  0.00090826  0.00020888  0.0  0.0
2020.0  -0.024942  0.051771  0.0  0.0  0.08613  0.13313  0.013809  0.025793  0.0  0.0  0.0  0.0  1.9972e-05  0.025521  0.011193  0.0045878  0.0  0.0  0.0  0.0  0.0046728  0.00343  0.019253  0.0088557  0.0  0.0  0.0  0.0  0.0031453  0.00095651  0.0025657  0.00068638  0.0  0.0  0.0  0.0  0.0009464  0.0002187  0.0  0.0
2025.0  -0.024748  0.051586  0.0  0.0  0.086099  0.13278  0.013838  0.025892  0.0  0.0  0.0  0.0  0.00039582  0.02588  0.01141  0.0047053  0.0  0.0  0.0  0.0  0.004812  0.0035153  0.019632  0.0092393  0.0  0.0  0.0  0.0  0.0032485  0.00099298  0.0026585  0.00073398  0.0  0.0  0.0  0.0  0.00098548  0.00022881  0.0  0.0
2030.0  -0.02455  0.051409  0.0  0.0  0.086067  0.13247  0.013864  0.025994  0.0  0.0  0.0  0.0  0.00077066  0.026252  0.011626  0.0048257  0.0  0.0  0.0  0.0  0.0049528  0.0036018  0.020006  0.009632  0.0  0.0  0.0  0.0  0.0033535  0.0010303  0.0027526  0.00078448  0.0  0.0  0.0  0.0  0.0010255  0.00023924  0.0  0.0
2035.0  -0.024352  0.051239  0.0  0.0  0.086036  0.13219  0.013887  0.026097  0.0  0.0  0.0  0.0  0.0011434  0.026635  0.011843  0.0049491  0.0  0.0  0.0  0.0  0.0050951  0.0036895  0.020374  0.010034  0.0  0.0  0.0  0.0  0.0034602  0.0010686  0.0028478  0.00083804  0.0  0.0  0.0  0.0  0.0010664  0.00024997  0.0  0.0
2040.0  -0.024151  0.051077  0.0  0.0  0.086006  0.13194  0.013907  0.0262  0.0  0.0  0.0  0.0  0.001513  0.02703  0.012058  0.0050755  0.0  0.0  0.0  0.0  0.0052389  0.0037784  0.020735  0.010445  0.0  0.0  0.0  0.0  0.0035686  0.0011078  0.0029439  0.00089482  0.0  0.0  0.0  0.0  0.0011083  0.00026102  0.0  0.0
2045.0  -0.02395  0.050922  0.0  0.0  0.085975  0.13171  0.013923  0.026303  0.0  0.0  0.0  0.0  0.0018788  0.027436  0.012273  0.0052048  0.0  0.0  0.0  0.0  0.0053844  0.0038684  0.02109  0.010865  0.0  0.0  0.0  0.0  0.0036787  0.0011479  0.0030409  0.00095499  0.0  0.0  0.0  0.0  0.0011511  0.00027239  0.0  0.0
2050.0  -0.023748  0.050775  0.0  0.0  0.085946  0.13151  0.013937  0.026406  0.0  0.0  0.0  0.0  0.0022398  0.027852  0.012488  0.0053372  0.0  0.0  0.0  0.0  0.0055314  0.0039596  0.021437  0.011295  0.0  0.0  0.0  0.0  0.0037905  0.0011891  0.0031384  0.0010187  0.0  0.0  0.0  0.0  0.0011949  0.00028408  0.0  0.0
2055.0  -0.023546  0.050633  0.0  0.0  0.085919  0.13133  0.013947  0.026506  0.0  0.0  0.0  0.0  0.0025956  0.028277  0.012701  0.0054726  0.0  0.0  0.0  0.0  0.0056801  0.0040519  0.021775  0.011735  0.0  0.0  0.0  0.0  0.003904  0.0012312  0.0032363  0.0010861  0.0  0.0  0.0  0.0  0.0012396  0.0002961  0.0  0.0
2060.0  -0.023343  0.050499  0.0  0.0  0.085893  0.13119  0.013954  0.026604  0.0  0.0  0.0  0.0  0.0029456  0.028711  0.012913  0.005611  0.0  0.0  0.0  0.0  0.0058305  0.0041455  0.022104  0.012184  0.0  0.0  0.0  0.0  0.0040192  0.0012744  0.0033342  0.0011574  0.0  0.0  0.0  0.0  0.0012852  0.00030845  0.0  0.0
2065.0  -0.023141  0.05037  0.0  0.0  0.085869  0.13106  0.013959  0.026699  0.0  0.0  0.0  0.0  0.0032895  0.029153  0.013124  0.0057523  0.0  0.0  0.0  0.0  0.0059826  0.0042402  0.022422  0.012644  0.0  0.0  0.0  0.0  0.004136  0.0013186  0.0034319  0.0012327  0.0  0.0  0.0  0.0  0.0013318  0.00032113  0.0  0.0
2070.0  -0.022938  0.050247  0.0  0.0  0.085848  0.13097  0.013962  0.026791  0.0  0.0  0.0  0.0  0.0036269  0.029602  0.013334  0.0058965  0.0  0.0  0.0  0.0  0.0061365  0.0043362  0.022729  0.013112  0.0  0.0  0.0  0.0  0.0042544  0.0013639  0.003529  0.0013119  0.0  0.0  0.0  0.0  0.0013793  0.00033415  0.0  0.0
2075.0  -0.022736  0.050129  0.0  0.0  0.085829  0.1309  0.013964  0.026878  0.0  0.0  0.0  0.0  0.0039578  0.030058  0.013542  0.0060436  0.0  0.0  0.0  0.0  0.0062922  0.0044335  0.023023  0.013589  0.0  0.0  0.0  0.0  0.0043745  0.0014104  0.003625  0.0013953  0.0  0.0  0.0  0.0  0.0014277  0.00034751  0.0  0.0
2080.0  -0.022535  0.050016  0.0  0.0  0.085812  0.13086  0.013965  0.026961  0.0  0.0  0.0  0.0  0.004282  0.030521  0.013748  0.0061935  0.0  0.0  0.0  0.0  0.0064497  0.0045321  0.023303  0.014074  0.0  0.0  0.0  0.0  0.0044962  0.001458  0.0037197  0.0014828  0.0  0.0  0.0  0.0  0.0014771  0.0003612  0.0  0.0
2085.0  -0.022334  0.049908  0.0  0.0  0.085797  0.13085  0.013966  0.02704  0.0  0.0  0.0  0.0  0.0045992  0.030989  0.013952  0.0063462  0.0  0.0  0.0  0.0  0.0066091  0.0046322  0.023568  0.014568  0.0  0.0  0.0  0.0  0.0046194  0.0015067  0.0038125  0.0015744  0.0  0.0  0.0  0.0  0.0015273  0.00037523  0.0  0.0
2090.0  -0.022134  0.049804  0.0  0.0  0.085783  0.13087  0.013968  0.027113  0.0  0.0  0.0  0.0  0.0049096  0.031463  0.014155  0.0065016  0.0  0.0  0.0  0.0  0.0067705  0.0047337  0.023817  0.015068  0.0  0.0  0.0  0.0  0.0047442  0.0015567  0.003903  0.0016698  0.0  0.0  0.0  0.0  0.0015785  0.0003896  0.0  0.0
2095.0  -0.021934  0.049704  0.0  0.0  0.085769  0.13091  0.013971  0.027183  0.0  0.0  0.0  0.0  0.005213  0.031943  0.014355  0.0066596  0.0  0.0  0.0  0.0  0.0069337  0.0048368  0.024049  0.015574  0.0  0.0  0.0  0.0  0.0048705  0.0016078  0.0039907  0.0017691  0.0  0.0  0.0  0.0  0.0016306  0.00040431  0.0  0.0
2100.0  -0.021735  0.049608  0.0  0.0  0.085755  0.13099  0.013976  0.027247  0.0  0.0  0.0  0.0  0.0055093  0.032428  0.014553  0.0068202  0.0  0.0  0.0  0.0  0.0070988  0.0049416  0.024263  0.016084  0.0  0.0  0.0  0.0  0.0049982  0.0016602  0.0040753  0.0018718  0.0  0.0  0.0  0.0  0.0016837  0.00041936  0.0  0.0
2105.0  -0.021537  0.049515  0.0  0.0  0.085739  0.1311  0.013984  0.027307  0.0  0.0  0.0  0.0  0.0057982  0.032918  0.014749  0.0069834  0.0  0.0  0.0  0.0  0.0072659  0.0050481  0.024458  0.016597  0.0  0.0  0.0  0.0  0.0051275  0.0017139  0.0041564  0.0019777  0.0  0.0  0.0  0.0  0.0017376  0.00043475  0.0  0.0
2110.0  -0.021339  0.049425  0.0  0.0  0.085719  0.13124  0.013994  0.027364  0.0  0.0  0.0  0.0  0.0060796  0.033413  0.014941  0.007149  0.0  0.0  0.0  0.0  0.0074349  0.0051565  0.024633  0.017112  0.0  0.0  0.0  0.0  0.0052582  0.0017688  0.0042334  0.0020863  0.0  0.0  0.0  0.0  0.0017924  0.00045047  0.0  0.0
2115.0  -0.021141  0.049337  0.0  0.0  0.085695  0.1314  0.014008  0.027417  0.0  0.0  0.0  0.0  0.0063532  0.033912  0.015132  0.0073169  0.0  0.0  0.0  0.0  0.0076058  0.0052667  0.024788  0.017627  0.0  0.0  0.0  0.0  0.0053903  0.0018249  0.0043062  0.0021973  0.0  0.0  0.0  0.0  0.0018482  0.00046651  0.0  0.0
2120.0  -0.020943  0.049252  0.0  0.0  0.085666  0.1316  0.014026  0.027468  0.0  0.0  0.0  0.0  0.0066186  0.034417  0.015319  0.0074871  0.0  0.0  0.0  0.0  0.0077785  0.005379  0.024923  0.018139  0.0  0.0  0.0  0.0  0.0055237  0.0018824  0.0043745  0.00231  0.0  0.0  0.0  0.0  0.0019049  0.00048289  0.0  0.0
2125.0  -0.020745  0.049169  0.0  0.0  0.085629  0.13183  0.014048  0.027516  0.0  0.0  0.0  0.0  0.0068754  0.034926  0.015503  0.0076594  0.0  0.0  0.0  0.0  0.0079531  0.0054934  0.025038  0.018648  0.0  0.0  0.0  0.0  0.0056586  0.0019412  0.0044382  0.002424  0.0  0.0  0.0  0.0  0.0019625  0.0004996  0.0  0.0
2130.0  -0.020547  0.049089  0.0  0.0  0.085583  0.13208  0.014074  0.027563  0.0  0.0  0.0  0.0  0.007123  0.03544  0.015684  0.0078336  0.0  0.0  0.0  0.0  0.0081294  0.00561  0.025133  0.019151  0.0  0.0  0.0  0.0  0.0057947  0.0020014  0.0044971  0.0025386  0.0  0.0  0.0  0.0  0.002021  0.00051663  0.0  0.0
2135.0  -0.020348  0.049009  0.0  0.0  0.085528  0.13236  0.014104  0.027608  0.0  0.0  0.0  0.0  0.0073612  0.035957  0.015861  0.0080096  0.0  0.0  0.0  0.0  0.0083074  0.0057289  0.025209  0.019646  0.0  0.0  0.0  0.0  0.0059321  0.0020628  0.0045514  0.0026534  0.0  0.0  0.0  0.0  0.0020804  0.00053398  0.0  0.0
2140.0  -0.020148  0.048932  0.0  0.0  0.085461  0.13267  0.014137  0.027653  0.0  0.0  0.0  0.0  0.0075892  0.036479  0.016035  0.0081872  0.0  0.0  0.0  0.0  0.0084871  0.0058501  0.025267  0.020131  0.0  0.0  0.0  0.0  0.0060708  0.0021257  0.0046012  0.0027676  0.0  0.0  0.0  0.0  0.0021407  0.00055164  0.0  0.0
2145.0  -0.019947  0.048856  0.0  0.0  0.085384  0.133  0.014174  0.027697  0.0  0.0  0.0  0.0  0.0078068  0.037003  0.016205  0.0083661  0.0  0.0  0.0  0.0  0.0086683  0.0059737  0.025307  0.020606  0.0  0.0  0.0  0.0  0.0062108  0.0021898  0.0046468  0.002881  0.0  0.0  0.0  0.0  0.002202  0.00056963  0.0  0.0
2150.0  -0.019744  0.048782  0.0  0.0  0.085293  0.13336  0.014214  0.02774  0.0  0.0  0.0  0.0  0.0080134  0.03753  0.016372  0.0085461  0.0  0.0  0.0  0.0  0.008851  0.0060998  0.025332  0.021067  0.0  0.0  0.0  0.0  0.0063519  0.0022554  0.0046883  0.0029929  0.0  0.0  0.0  0.0  0.0022641  0.00058793  0.0  0.0
2155.0  -0.01954  0.04871  0.0  0.0  0.085191  0.13374  0.014257  0.027784  0.0  0.0  0.0  0.0  0.0082086  0.038059  0.016534  0.0087269  0.0  0.0  0.0  0.0  0.0090351  0.0062284  0.025342  0.021515  0.0  0.0  0.0  0.0  0.0064943  0.0023223  0.0047262  0.003103  0.0  0.0  0.0  0.0  0.0023272  0.00060655  0.0  0.0
2160.0  -0.019333  0.04864  0.0  0.0  0.085075  0.13414  0.014303  0.027828  0.0  0.0  0.0  0.0  0.0083923  0.038589  0.016693  0.0089082  0.0  0.0  0.0  0.0  0.0092206  0.0063596  0.025341  0.021948  0.0  0.0  0.0  0.0  0.0066378  0.0023907  0.004761  0.003211  0.0  0.0  0.0  0.0  0.0023913  0.00062549  0.0  0.0
2165.0  -0.019124  0.048571  0.0  0.0  0.084947  0.13456  0.014352  0.027872  0.0  0.0  0.0  0.0  0.0085642  0.03912  0.016848  0.0090897  0.0  0.0  0.0  0.0  0.0094073  0.0064935  0.025329  0.022365  0.0  0.0  0.0  0.0  0.0067824  0.0024604  0.004793  0.0033168  0.0  0.0  0.0  0.0  0.0024562  0.00064475  0.0  0.0
2170.0  -0.018913  0.048505  0.0  0.0  0.084807  0.13499  0.014402  0.027916  0.0  0.0  0.0  0.0  0.0087243  0.03965  0.016999  0.009271  0.0  0.0  0.0  0.0  0.0095951  0.00663  0.025308  0.022766  0.0  0.0  0.0  0.0  0.0069281  0.0025316  0.0048227  0.0034202  0.0  0.0  0.0  0.0  0.0025221  0.00066433  0.0  0.0
2175.0  -0.018699  0.048441  0.0  0.0  0.084656  0.13545  0.014454  0.02796  0.0  0.0  0.0  0.0  0.0088727  0.040178  0.017146  0.0094519  0.0  0.0  0.0  0.0  0.009784  0.0067691  0.025282  0.023152  0.0  0.0  0.0  0.0  0.0070749  0.0026042  0.0048505  0.0035213  0.0  0.0  0.0  0.0  0.002589  0.00068425  0.0  0.0
2180.0  -0.018482  0.048381  0.0  0.0  0.084494  0.13592  0.014509  0.028004  0.0  0.0  0.0  0.0  0.0090096  0.040704  0.01729  0.0096322  0.0  0.0  0.0  0.0  0.0099738  0.006911  0.025251  0.023521  0.0  0.0  0.0  0.0  0.0072227  0.0026782  0.0048769  0.00362  0.0  0.0  0.0  0.0  0.0026568  0.0007045  0.0  0.0
2185.0  -0.018263  0.048323  0.0  0.0  0.084322  0.1364  0.014565  0.028048  0.0  0.0  0.0  0.0  0.0091355  0.041227  0.01743  0.0098115  0.0  0.0  0.0  0.0  0.010165  0.0070555  0.025218  0.023874  0.0  0.0  0.0  0.0  0.0073715  0.0027537  0.0049022  0.0037165  0.0  0.0  0.0  0.0  0.0027255  0.00072509  0.0  0.0
2190.0  -0.01804  0.048268  0.0  0.0  0.084143  0.1369  0.014623  0.028092  0.0  0.0  0.0  0.0  0.0092507  0.041747  0.017568  0.0099898  0.0  0.0  0.0  0.0  0.010356  0.0072028  0.025184  0.024214  0.0  0.0  0.0  0.0  0.0075213  0.0028306  0.0049268  0.003811  0.0  0.0  0.0  0.0  0.0027953  0.00074604  0.0  0.0
2195.0  -0.017815  0.048217  0.0  0.0  0.083956  0.13742  0.014682  0.028136  0.0  0.0  0.0  0.0  0.0093559  0.042261  0.017703  0.010167  0.0  0.0  0.0  0.0  0.010548  0.0073527  0.025152  0.024539  0.0  0.0  0.0  0.0  0.0076721  0.0029089  0.0049508  0.0039038  0.0  0.0  0.0  0.0  0.0028659  0.00076735  0.0  0.0
2200.0  -0.017588  0.04817  0.0  0.0  0.083763  0.13795  0.014744  0.02818  0.0  0.0  0.0  0.0  0.0094518  0.042771  0.017835  0.010343  0.0  0.0  0.0  0.0  0.010741  0.0075053  0.025122  0.024852  0.0  0.0  0.0  0.0  0.0078238  0.0029888  0.0049745  0.0039951  0.0  0.0  0.0  0.0  0.0029376  0.00078904  0.0  0.0
