#Partial waves for pi + N -> K Sigma 
#columns: W S11  S31  P11  P13  P31  P33  D13  D15  D33  D35  F15  F17  F35  F37  G17  G19  G37  G39  H19  H39
1690.0  0.018672  -0.18446  -0.012835  0.01355  0.013477  0.0012029  0.0052767  -0.00026087  0.0062359  -0.0032083  -0.00081865  0.00011775  0.00020274  -9.7529e-05  -4.1687e-05  5.2253e-05  -0.00015199  7.2976e-05  0.00010466  -2.2795e-06  -1.9781e-06  7.9564e-06  -1.0548e-06  -8.1076e-08  -6.3972e-07  7.2788e-07  3.1144e-06  6.953e-07  -7.7324e-08  -3.9314e-09  2.6673e-09  9.29e-10  -1.4942e-07  5.5418e-10  -2.8493e-08  9.0322e-11  -2.6889e-09  -5.6863e-11  -3.6698e-09  3.0538e-11
1695.0  0.044931  -0.19088  -0.016322  0.019869  0.034707  0.0042609  0.013331  -0.00062551  0.015826  -0.0082144  -0.0019921  0.00029373  0.00094327  -0.00044563  -0.00020746  0.00023794  -0.00072518  0.00034498  0.00049977  -9.5961e-06  -2.2397e-05  6.786e-05  -9.5391e-06  -7.6237e-07  -4.781e-06  7.3958e-06  2.8576e-05  6.681e-06  -1.2781e-06  -6.6599e-08  5.5495e-08  1.6777e-08  -2.4789e-06  9.0084e-09  -4.7076e-07  1.7407e-09  -8.3553e-08  -1.834e-09  -1.1232e-07  1.0229e-09
1700.0  0.052056  -0.1765  -0.017873  0.023917  0.051955  0.0083709  0.01975  -0.00084459  0.023542  -0.012321  -0.0028372  0.00042996  0.0017999  -0.00083564  -0.00041875  0.00044235  -0.0014167  0.00066768  0.00097831  -1.5997e-05  -6.7267e-05  0.00016469  -2.4727e-05  -2.0542e-06  -9.9334e-06  2.1502e-05  7.5136e-05  1.8402e-05  -4.2393e-06  -2.2624e-07  2.2231e-07  6.0689e-08  -8.254e-06  2.9301e-08  -1.5605e-06  6.6897e-09  -3.649e-07  -8.311e-09  -4.8248e-07  4.8221e-09
1705.0  0.054928  -0.1598  -0.018791  0.027065  0.066989  0.013589  0.025393  -0.00092965  0.030392  -0.016018  -0.0035022  0.00054802  0.0027088  -0.0012365  -0.00066031  0.00064619  -0.0021792  0.0010176  0.0015096  -1.9933e-05  -0.00013777  0.0002847  -4.5891e-05  -3.9616e-06  -1.4199e-05  4.4648e-05  0.00014141  3.6289e-05  -9.1538e-06  -4.9999e-07  5.6355e-07  1.4268e-07  -1.7895e-05  6.1851e-08  -3.3674e-06  1.6638e-08  -9.4335e-07  -2.2289e-08  -1.226e-06  1.348e-08
1710.0  0.054842  -0.14242  -0.019359  0.02972  0.080191  0.019857  0.03053  -0.00086085  0.036708  -0.019454  -0.0040401  0.00065595  0.0036441  -0.0016361  -0.00092329  0.00084138  -0.0029919  0.0013844  0.0020813  -2.024e-05  -0.00023296  0.0004186  -7.2665e-05  -6.5159e-06  -1.6406e-05  7.8846e-05  0.00022702  6.1059e-05  -1.6122e-05  -9.0066e-07  1.1414e-06  2.7317e-07  -3.1653e-05  1.0612e-07  -5.9265e-06  3.3561e-08  -1.9017e-06  -4.66e-08  -2.4273e-06  2.9432e-08
1715.0  0.0523  -0.12557  -0.019714  0.032047  0.091648  0.027034  0.035286  -0.00061465  0.042663  -0.022696  -0.0044801  0.00075835  0.0045926  -0.0020287  -0.0012011  0.001024  -0.0038419  0.0017622  0.0026867  -1.5796e-05  -0.00035062  0.00055981  -0.00010482  -9.7585e-06  -1.5966e-05  0.00012635  0.00033195  9.3589e-05  -2.5196e-05  -1.4386e-06  2.0195e-06  4.6337e-07  -4.969e-05  1.6092e-07  -9.2548e-06  5.9757e-08  -3.3137e-06  -8.419e-08  -4.1511e-06  5.5618e-08
1720.0  0.047899  -0.10997  -0.019927  0.034126  0.10138  0.034928  0.039719  -0.0001719  0.048365  -0.02578  -0.0048419  0.0008582  0.0055463  -0.0024108  -0.0014885  0.0011921  -0.0047203  0.0021469  0.0033218  -5.4121e-06  -0.00048797  0.00070379  -0.00014219  -1.3737e-05  -1.2868e-05  0.00018954  0.00045634  0.0001349  -3.6397e-05  -2.1221e-06  3.2624e-06  7.254e-07  -7.2118e-05  2.2455e-07  -1.3358e-05  9.7863e-08  -5.2459e-06  -1.3816e-07  -6.4447e-06  9.5597e-08
1725.0  0.042197  -0.095916  -0.020036  0.036003  0.1094  0.043327  0.043854  0.00047848  0.053891  -0.028722  -0.00514  0.00095745  0.006501  -0.0027806  -0.0017813  0.0013452  -0.0056204  0.0025358  0.0039838  1.2209e-05  -0.00064217  0.00084751  -0.00018465  -1.8501e-05  -7.6848e-06  0.0002708  0.00060041  0.00018612  -4.9723e-05  -2.9582e-06  4.9351e-06  1.0724e-06  -9.9009e-05  2.948e-07  -1.8232e-05  1.5087e-07  -7.7596e-06  -2.1179e-07  -9.3414e-06  1.5365e-07
1730.0  0.035659  -0.083501  -0.020065  0.037708  0.11575  0.052015  0.0477  0.0013383  0.059301  -0.031529  -0.0053857  0.0010573  0.0074538  -0.003137  -0.0020763  0.0014834  -0.0065368  0.0029269  0.004671  3.8511e-05  -0.00081052  0.00098909  -0.00023209  -2.4104e-05  -1.5545e-06  0.00037237  0.00076441  0.00024855  -6.5156e-05  -3.9519e-06  7.1032e-06  1.5186e-06  -0.00013041  3.6906e-07  -2.3867e-05  2.2214e-07  -1.0911e-05  -3.0858e-07  -1.2861e-05  2.3492e-07
1735.0  0.028657  -0.072693  -0.020028  0.039266  0.12048  0.060783  0.051257  0.002401  0.064641  -0.034202  -0.005588  0.0011586  0.0084037  -0.0034793  -0.0023708  0.0016073  -0.0074652  0.0033188  0.0053822  7.5104e-05  -0.00099064  0.0011275  -0.00028444  -3.0602e-05  3.862e-06  0.00049623  0.00094862  0.0003236  -8.2663e-05  -5.1068e-06  9.8322e-06  2.0793e-06  -0.00016634  4.4428e-07  -3.025e-05  3.1542e-07  -1.4754e-05  -4.3224e-07  -1.7011e-05  3.4547e-07
1740.0  0.021478  -0.063386  -0.019935  0.040695  0.12368  0.069441  0.05452  0.0036529  0.069948  -0.036735  -0.0057544  0.0012614  0.0093502  -0.003807  -0.0026629  0.0017179  -0.0084019  0.0037103  0.0061164  0.00012378  -0.0011805  0.0012621  -0.00034161  -3.8051e-05  6.4617e-06  0.00064402  0.0011533  0.00041286  -0.0001022  -6.4249e-06  1.3188e-05  2.7711e-06  -0.00020682  5.1697e-07  -3.7362e-05  4.3487e-07  -1.9336e-05  -5.8672e-07  -2.1788e-05  4.9246e-07
1745.0  0.014337  -0.05544  -0.019793  0.042011  0.12547  0.077821  0.057488  0.0050757  0.075256  -0.039118  -0.0058913  0.0013658  0.010293  -0.0041196  -0.002951  0.0018161  -0.009344  0.0041008  0.0068731  0.00018655  -0.0013785  0.0013929  -0.00040354  -4.6509e-05  3.7991e-06  0.00081691  0.0013786  0.00051806  -0.00012372  -7.9063e-06  1.7236e-05  3.6116e-06  -0.00025184  5.8327e-07  -4.5179e-05  5.8507e-07  -2.4704e-05  -7.7627e-07  -2.7178e-05  6.8424e-07
1750.0  0.0073893  -0.048703  -0.01961  0.043225  0.12595  0.085777  0.060159  0.0066482  0.080588  -0.041335  -0.0060037  0.0014715  0.011234  -0.0044169  -0.003234  0.0019029  -0.010289  0.0044897  0.0076516  0.00026559  -0.0015831  0.0015198  -0.00047017  -5.604e-05  -6.805e-06  0.0010156  0.0016247  0.00064114  -0.00014715  -9.549e-06  2.2043e-05  4.62e-06  -0.00030138  6.3889e-07  -5.3677e-05  7.7108e-07  -3.0902e-05  -1.0054e-06  -3.3156e-05  9.3049e-07
1755.0  0.00073919  -0.043019  -0.01939  0.04435  0.12527  0.093189  0.062536  0.0083478  0.085968  -0.04337  -0.0060961  0.0015782  0.012173  -0.0046985  -0.0035109  0.0019794  -0.011234  0.0048767  0.0084515  0.00036334  -0.0017934  0.0016432  -0.00054144  -6.6707e-05  -2.8161e-05  0.0012402  0.0018917  0.00078424  -0.00017242  -1.1349e-05  2.7673e-05  5.817e-06  -0.00035542  6.7916e-07  -6.2828e-05  9.9843e-07  -3.797e-05  -1.279e-06  -3.969e-05  1.2423e-06
1760.0  -0.0055455  -0.038243  -0.01914  0.045395  0.12356  0.099963  0.064621  0.010152  0.091409  -0.045201  -0.006172  0.0016855  0.013111  -0.0049639  -0.0037812  0.0020465  -0.012177  0.0052616  0.0092722  0.00048242  -0.0020085  0.0017633  -0.00061732  -7.8578e-05  -6.3122e-05  0.0014906  0.0021794  0.00094973  -0.00019947  -1.3301e-05  3.4194e-05  7.2247e-06  -0.00041394  6.9894e-07  -7.2601e-05  1.2733e-06  -4.5947e-05  -1.6021e-06  -4.6736e-05  1.6325e-06
1765.0  -0.011426  -0.034241  -0.018863  0.046367  0.12096  0.10603  0.066421  0.012038  0.096923  -0.046805  -0.0062344  0.0017928  0.014049  -0.0052126  -0.0040446  0.0021052  -0.013118  0.0056444  0.010113  0.00062568  -0.0022277  0.0018804  -0.00069774  -9.1726e-05  -0.00011452  0.0017658  0.0024878  0.0011402  -0.0002282  -1.5396e-05  4.167e-05  8.8671e-06  -0.00047688  6.9266e-07  -8.2967e-05  1.6023e-06  -5.4871e-05  -1.9805e-06  -5.4244e-05  2.1155e-06
1770.0  -0.016887  -0.030893  -0.018566  0.047274  0.11763  0.11133  0.067944  0.013985  0.10251  -0.048155  -0.0062859  0.0018999  0.01499  -0.0054437  -0.0043007  0.0021562  -0.014055  0.0060249  0.010973  0.00079617  -0.0024505  0.0019948  -0.00078266  -0.00010623  -0.00018508  0.0020646  0.0028163  0.0013586  -0.00025854  -1.7623e-05  5.0168e-05  1.077e-05  -0.00054422  6.5426e-07  -9.3889e-05  1.9931e-06  -6.4777e-05  -2.42e-06  -6.2152e-05  2.7077e-06
1775.0  -0.021926  -0.028095  -0.018251  0.04812  0.11369  0.11585  0.0692  0.015974  0.10818  -0.049226  -0.0063285  0.0020062  0.015934  -0.0056564  -0.0045494  0.0022003  -0.014986  0.0064033  0.011851  0.00099715  -0.0026766  0.0021069  -0.00087205  -0.00012217  -0.00027742  0.0023853  0.0031644  0.001608  -0.00029039  -1.9967e-05  5.9755e-05  1.2963e-05  -0.00061591  5.7714e-07  -0.00010533  2.4537e-06  -7.5698e-05  -2.9272e-06  -7.0394e-05  3.4277e-06
1780.0  -0.026555  -0.025754  -0.017925  0.04891  0.10929  0.11958  0.070199  0.017986  0.11392  -0.049991  -0.006364  0.0021114  0.016882  -0.0058496  -0.0047908  0.0022382  -0.015911  0.0067794  0.012747  0.0012321  -0.0029057  0.0022168  -0.00096586  -0.00013964  -0.00039392  0.0027258  0.0035308  0.0018919  -0.00032366  -2.2412e-05  7.0495e-05  1.5475e-05  -0.0006919  4.5411e-07  -0.00011727  2.9933e-06  -8.7667e-05  -3.5089e-06  -7.8892e-05  4.2964e-06
1785.0  -0.030792  -0.023793  -0.017591  0.049645  0.10454  0.12254  0.070954  0.020006  0.11971  -0.050424  -0.0063938  0.0022155  0.017836  -0.006022  -0.0050248  0.0022706  -0.016829  0.0071533  0.013657  0.0015045  -0.0031375  0.0023247  -0.001064  -0.00015874  -0.00053669  0.0030833  0.0039144  0.0022141  -0.00035824  -2.4938e-05  8.2457e-05  1.8342e-05  -0.00077214  2.7731e-07  -0.00012965  3.6221e-06  -0.00010072  -4.1726e-06  -8.7564e-05  5.3373e-06
1790.0  -0.034661  -0.022146  -0.017251  0.050329  0.099575  0.12475  0.071478  0.022017  0.12555  -0.0505  -0.0064191  0.0023182  0.018797  -0.0061722  -0.0052516  0.002298  -0.01774  0.0075247  0.014581  0.0018182  -0.0033719  0.0024309  -0.0011666  -0.00017957  -0.00070743  0.0034549  0.004313  0.0025786  -0.00039403  -2.752e-05  9.5705e-05  2.1598e-05  -0.00085657  3.8141e-08  -0.00014244  4.3511e-06  -0.00011488  -4.9264e-06  -9.6317e-05  6.5769e-06
1795.0  -0.038188  -0.020758  -0.016909  0.050961  0.094477  0.12626  0.071782  0.024008  0.13141  -0.050199  -0.006441  0.0024194  0.019766  -0.0062987  -0.0054712  0.0023208  -0.018643  0.0078936  0.015516  0.0021771  -0.0036088  0.0025355  -0.0012734  -0.00020225  -0.00090739  0.0038371  0.0047241  0.0029898  -0.00043093  -3.013e-05  0.00011031  2.5285e-05  -0.00094515  -2.7282e-07  -0.0001556  5.1928e-06  -0.00013017  -5.7789e-06  -0.00010505  8.0448e-06
1800.0  -0.041403  -0.019585  -0.016565  0.051544  0.089332  0.12713  0.071881  0.025967  0.13725  -0.0495  -0.0064606  0.0025192  0.020743  -0.0063996  -0.0056839  0.0023395  -0.019538  0.0082595  0.016458  0.0025851  -0.0038481  0.0026386  -0.0013844  -0.00022689  -0.0011372  0.0042262  0.0051443  0.0034521  -0.00046882  -3.2737e-05  0.00012633  2.9447e-05  -0.0010378  -6.6591e-07  -0.00016909  6.1608e-06  -0.00014664  -6.7396e-06  -0.00011367  9.7743e-06
1805.0  -0.044331  -0.018589  -0.016221  0.052077  0.084208  0.1274  0.071788  0.027884  0.14306  -0.048389  -0.0064787  0.0026174  0.02173  -0.0064733  -0.0058898  0.0023545  -0.020425  0.0086222  0.017405  0.0030463  -0.0040898  0.0027402  -0.0014996  -0.00025363  -0.0013968  0.0046182  0.0055694  0.0039701  -0.00050759  -3.5304e-05  0.00014384  3.4131e-05  -0.0011345  -1.1524e-06  -0.00018287  7.2703e-06  -0.00016429  -7.8184e-06  -0.00012205  1.1803e-05
1810.0  -0.047  -0.017743  -0.015877  0.05256  0.079156  0.12715  0.071515  0.029751  0.1488  -0.046856  -0.006496  0.0027143  0.022727  -0.0065176  -0.006089  0.0023661  -0.021303  0.0089811  0.018352  0.0035647  -0.0043337  0.0028405  -0.0016189  -0.00028261  -0.0016854  0.0050095  0.0059939  0.0045484  -0.00054714  -3.7789e-05  0.00016289  3.9389e-05  -0.0012352  -1.7447e-06  -0.00019691  8.5377e-06  -0.00018317  -9.0264e-06  -0.00013007  1.4171e-05
1815.0  -0.049434  -0.017022  -0.015532  0.052993  0.074216  0.12642  0.071075  0.03156  0.15443  -0.044893  -0.0065134  0.0028096  0.023734  -0.0065305  -0.0062819  0.0023747  -0.022172  0.0093358  0.019294  0.0041441  -0.0045798  0.0029393  -0.0017423  -0.00031396  -0.0020016  0.0053961  0.0064115  0.0051913  -0.00058733  -4.0145e-05  0.00018356  4.5278e-05  -0.0013397  -2.4563e-06  -0.00021116  9.9812e-06  -0.0002033  -1.0375e-05  -0.00013762  1.6925e-05
1820.0  -0.051656  -0.016408  -0.015186  0.053377  0.069413  0.12528  0.070479  0.033306  0.15991  -0.042499  -0.0065315  0.0029035  0.024751  -0.0065099  -0.0064685  0.0023804  -0.023031  0.0096858  0.020226  0.0047882  -0.004828  0.0030369  -0.0018696  -0.00034783  -0.002343  0.0057748  0.0068143  0.0059025  -0.00062805  -4.232e-05  0.00020591  5.186e-05  -0.0014482  -3.3018e-06  -0.00022557  1.1621e-05  -0.0002247  -1.1878e-05  -0.00014455  2.0118e-05
1825.0  -0.053686  -0.015889  -0.014836  0.053713  0.064769  0.12377  0.069741  0.034983  0.1652  -0.039678  -0.0065509  0.0029958  0.025777  -0.0064535  -0.0066491  0.0023835  -0.02388  0.01003  0.021141  0.0055002  -0.0050783  0.0031331  -0.0020008  -0.00038439  -0.0027071  0.0061429  0.0071931  0.0066852  -0.00066919  -4.4256e-05  0.00022999  5.92e-05  -0.0015604  -4.297e-06  -0.00024012  1.3477e-05  -0.00024741  -1.3547e-05  -0.00015073  2.3804e-05
1830.0  -0.05554  -0.015451  -0.01448  0.054002  0.060292  0.12193  0.06887  0.036587  0.17026  -0.03644  -0.0065721  0.0030865  0.026814  -0.006359  -0.0068238  0.0023843  -0.024718  0.01037  0.022032  0.0062828  -0.0053305  0.0032279  -0.0021357  -0.00042378  -0.0030905  0.006498  0.0075376  0.0075411  -0.00071061  -4.5889e-05  0.00025587  6.737e-05  -0.0016764  -5.459e-06  -0.00025476  1.5574e-05  -0.00027143  -1.5399e-05  -0.00015603  2.8047e-05
1835.0  -0.057235  -0.015088  -0.014117  0.054246  0.055992  0.11981  0.067877  0.038114  0.17506  -0.0328  -0.0065956  0.0031755  0.027859  -0.0062241  -0.0069927  0.002383  -0.025545  0.010703  0.02289  0.0071379  -0.0055847  0.0033215  -0.0022742  -0.00046616  -0.0034898  0.0068388  0.007836  0.0084703  -0.00075221  -4.7148e-05  0.0002836  7.6446e-05  -0.001796  -6.8061e-06  -0.00026946  1.7937e-05  -0.0002968  -1.7448e-05  -0.00016028  3.2915e-05
1840.0  -0.058782  -0.01479  -0.013744  0.054446  0.051872  0.11744  0.066773  0.039559  0.17954  -0.02878  -0.0066218  0.0032626  0.028912  -0.0060462  -0.0071562  0.0023797  -0.026359  0.011029  0.023707  0.0080664  -0.0058407  0.0034138  -0.0024161  -0.00051168  -0.0039016  0.0071645  0.0080757  0.0094712  -0.00079385  -4.7957e-05  0.00031324  8.6509e-05  -0.0019192  -8.3578e-06  -0.00028417  2.0591e-05  -0.00032355  -1.9712e-05  -0.00016334  3.8483e-05
1845.0  -0.060192  -0.014553  -0.01336  0.054606  0.047935  0.11485  0.065568  0.04092  0.18367  -0.024409  -0.006651  0.0033475  0.029971  -0.005823  -0.0073143  0.0023746  -0.02716  0.01135  0.024473  0.009068  -0.0060986  0.0035048  -0.0025615  -0.00056051  -0.0043225  0.0074752  0.0082435  0.010539  -0.00083541  -4.8233e-05  0.00034483  9.7647e-05  -0.0020461  -1.0135e-05  -0.00029886  2.3565e-05  -0.0003517  -2.2209e-05  -0.00016506  4.4832e-05
1850.0  -0.061475  -0.014369  -0.012962  0.054729  0.044183  0.11207  0.064272  0.042195  0.18741  -0.01972  -0.0066832  0.0034302  0.031035  -0.005552  -0.0074672  0.0023679  -0.027947  0.011664  0.025178  0.010141  -0.0063582  0.0035945  -0.0027099  -0.00061278  -0.0047493  0.0077713  0.0083261  0.011667  -0.00087677  -4.7885e-05  0.00037843  0.00010995  -0.0021764  -1.2159e-05  -0.00031351  2.6889e-05  -0.00038126  -2.4959e-05  -0.00016527  5.205e-05
1855.0  -0.062637  -0.014235  -0.01255  0.054817  0.040615  0.10912  0.062894  0.04338  0.19074  -0.014756  -0.0067187  0.0035103  0.032102  -0.0052309  -0.007615  0.0023598  -0.028718  0.011972  0.025813  0.011282  -0.0066196  0.003683  -0.0028614  -0.00066864  -0.0051794  0.0080538  0.0083109  0.012846  -0.00091782  -4.6817e-05  0.00041408  0.00012352  -0.0023101  -1.4454e-05  -0.00032806  3.0594e-05  -0.00041227  -2.7983e-05  -0.00016381  6.0233e-05
1860.0  -0.063685  -0.014145  -0.012123  0.054875  0.037235  0.10601  0.061446  0.044473  0.19362  -0.0095637  -0.0067575  0.0035878  0.03317  -0.0048574  -0.0077579  0.0023504  -0.029474  0.012275  0.026366  0.012486  -0.0068827  0.0037702  -0.0030156  -0.00072822  -0.0056103  0.0083243  0.008187  0.014061  -0.00095842  -4.4924e-05  0.00045181  0.00013845  -0.0024473  -1.7043e-05  -0.0003425  3.4712e-05  -0.00044475  -3.1303e-05  -0.00016052  6.9481e-05
1865.0  -0.064625  -0.014093  -0.01168  0.054906  0.034041  0.10278  0.059937  0.045475  0.19604  -0.0041951  -0.0067994  0.0036624  0.034236  -0.0044294  -0.0078961  0.0023398  -0.030214  0.012571  0.026828  0.013746  -0.0071475  0.0038563  -0.0031725  -0.00079165  -0.0060403  0.0085844  0.0079455  0.015297  -0.00099845  -4.2095e-05  0.00049167  0.00015485  -0.0025878  -1.9951e-05  -0.0003568  3.9278e-05  -0.00047873  -3.4945e-05  -0.00015523  7.9902e-05
1870.0  -0.065462  -0.014074  -0.011222  0.054914  0.031035  0.099441  0.058377  0.046383  0.19799  0.0012946  -0.0068444  0.0037341  0.035298  -0.0039448  -0.0080296  0.0023282  -0.030937  0.012864  0.027192  0.015055  -0.007414  0.0039411  -0.0033317  -0.00085903  -0.0064679  0.0088357  0.0075809  0.016536  -0.0010378  -3.821e-05  0.00053368  0.00017283  -0.0027315  -2.3207e-05  -0.00037092  4.4326e-05  -0.00051421  -3.8933e-05  -0.00014776  9.1613e-05
1875.0  -0.066201  -0.014083  -0.010749  0.054902  0.028215  0.09601  0.056776  0.047199  0.19946  0.0068482  -0.0068922  0.0038028  0.03635  -0.0034019  -0.0081587  0.0023157  -0.031643  0.013152  0.027449  0.016401  -0.0076823  0.0040248  -0.0034931  -0.00093046  -0.0068921  0.0090802  0.0070914  0.017759  -0.0010763  -3.314e-05  0.00057787  0.00019251  -0.0028785  -2.6836e-05  -0.00038484  4.9893e-05  -0.00055124  -4.3296e-05  -0.00013795  0.00010473
1880.0  -0.066847  -0.014113  -0.010262  0.054873  0.025582  0.092505  0.055145  0.047923  0.20046  0.012409  -0.0069426  0.0038685  0.037391  -0.0027992  -0.0082835  0.0023024  -0.032331  0.013436  0.027594  0.017774  -0.0079524  0.0041072  -0.0036565  -0.001006  -0.0073123  0.0093196  0.0064792  0.018946  -0.001114  -2.6749e-05  0.00062426  0.00021401  -0.0030286  -3.0869e-05  -0.00039855  5.6015e-05  -0.00058983  -4.8065e-05  -0.00012561  0.00011939
1885.0  -0.067405  -0.01416  -0.0097626  0.054831  0.023133  0.088946  0.053492  0.048558  0.20101  0.017924  -0.0069954  0.0039312  0.038416  -0.0021355  -0.0084041  0.0022885  -0.033001  0.013719  0.027623  0.019163  -0.0082243  0.0041885  -0.0038215  -0.0010858  -0.0077283  0.0095556  0.0057508  0.020078  -0.0011505  -1.8887e-05  0.00067286  0.00023745  -0.0031818  -3.5335e-05  -0.00041201  6.2731e-05  -0.00063001  -5.3271e-05  -0.00011058  0.00013573
1890.0  -0.067879  -0.014219  -0.0092525  0.054777  0.020864  0.085349  0.051826  0.049105  0.20114  0.023342  -0.0070502  0.003991  0.03942  -0.0014099  -0.0085205  0.002274  -0.033653  0.013999  0.027534  0.020554  -0.008498  0.0042685  -0.0039881  -0.0011699  -0.0081401  0.0097896  0.0049164  0.021138  -0.0011859  -9.3953e-06  0.00072369  0.00026296  -0.003338  -4.0267e-05  -0.00042521  7.0078e-05  -0.0006718  -5.8949e-05  -9.2675e-05  0.00015387
1895.0  -0.068277  -0.014283  -0.0087335  0.054715  0.01877  0.08173  0.050157  0.049569  0.20087  0.02862  -0.0071069  0.0040481  0.0404  -0.00062223  -0.0086331  0.002259  -0.034288  0.014279  0.027326  0.021935  -0.0087736  0.0043472  -0.0041559  -0.0012583  -0.0085478  0.010023  0.0039894  0.022111  -0.0012201  1.8991e-06  0.00077676  0.00029067  -0.0034973  -4.5698e-05  -0.00043814  7.8096e-05  -0.00071523  -6.5136e-05  -7.1707e-05  0.00017398
1900.0  -0.068602  -0.014349  -0.0082075  0.054645  0.016847  0.078102  0.048492  0.049955  0.20026  0.033724  -0.0071652  0.0041026  0.04135  0.00022757  -0.0087417  0.0022437  -0.034906  0.014558  0.027  0.023295  -0.0090512  0.0044246  -0.0043248  -0.0013511  -0.0089519  0.010257  0.0029856  0.022987  -0.0012528  1.5184e-05  0.00083205  0.00032073  -0.0036595  -5.1665e-05  -0.00045078  8.6825e-05  -0.0007603  -7.1871e-05  -4.7495e-05  0.00019621
1905.0  -0.068863  -0.014411  -0.0076768  0.054569  0.015088  0.074481  0.046838  0.050266  0.19933  0.038625  -0.0072248  0.0041549  0.042265  0.0011388  -0.0088467  0.0022281  -0.035506  0.014837  0.026561  0.02462  -0.0093308  0.0045005  -0.0044945  -0.0014483  -0.0093528  0.010492  0.0019221  0.023758  -0.001284  3.0662e-05  0.00088957  0.00035327  -0.0038246  -5.8205e-05  -0.00046312  9.6305e-05  -0.00080706  -7.9197e-05  -1.985e-05  0.00022072
1910.0  -0.069064  -0.014468  -0.0071432  0.054489  0.013484  0.070878  0.045201  0.050508  0.19814  0.043306  -0.0072856  0.0042053  0.04314  0.0021102  -0.008948  0.0022123  -0.036091  0.015118  0.026012  0.025901  -0.0096123  0.004575  -0.0046647  -0.0015499  -0.0097512  0.01073  0.0008162  0.02442  -0.0013136  4.8555e-05  0.0009493  0.00038845  -0.0039925  -6.536e-05  -0.00047514  0.00010658  -0.00085552  -8.7158e-05  1.1418e-05  0.00024769
1915.0  -0.069213  -0.014515  -0.0066089  0.054403  0.012028  0.067304  0.043587  0.050688  0.19673  0.047757  -0.0073475  0.0042538  0.043971  0.00314  -0.0090458  0.0021964  -0.03666  0.0154  0.02536  0.027126  -0.009896  0.0046479  -0.0048353  -0.001656  -0.010148  0.010971  -0.00031531  0.024974  -0.0013414  6.9105e-05  0.0010112  0.00042641  -0.0041632  -7.3173e-05  -0.00048685  0.00011768  -0.00090569  -9.5803e-05  4.6503e-05  0.0002773
1920.0  -0.069315  -0.01455  -0.0060756  0.054314  0.010712  0.063768  0.042  0.050811  0.19513  0.051974  -0.0074103  0.004301  0.044752  0.0042257  -0.0091401  0.0021805  -0.037214  0.015684  0.024611  0.028287  -0.010182  0.0047192  -0.0050061  -0.0017665  -0.010543  0.011215  -0.001457  0.025423  -0.0013675  9.2573e-05  0.0010753  0.00046731  -0.0043367  -8.169e-05  -0.00049824  0.00012966  -0.00095761  -0.00010518  8.5601e-05  0.00030975
1925.0  -0.069379  -0.014574  -0.0055449  0.05422  0.0095247  0.060278  0.040443  0.050884  0.19339  0.055962  -0.007474  0.004347  0.045479  0.0053645  -0.009231  0.0021647  -0.037754  0.015969  0.023773  0.029375  -0.010469  0.0047888  -0.0051766  -0.0018815  -0.010937  0.011463  -0.0025953  0.025772  -0.0013916  0.00011924  0.0011415  0.00051132  -0.0045129  -9.0961e-05  -0.00050931  0.00014255  -0.0010113  -0.00011535  0.00012891  0.00034525
1930.0  -0.069408  -0.014584  -0.0050184  0.054121  0.0084591  0.056841  0.038918  0.050912  0.19153  0.059729  -0.0075386  0.004392  0.046147  0.0065527  -0.0093187  0.0021491  -0.03828  0.016257  0.022854  0.030383  -0.010759  0.0048566  -0.0053469  -0.002001  -0.011332  0.011715  -0.0037187  0.026027  -0.0014139  0.00014942  0.0012098  0.0005586  -0.0046917  -0.00010104  -0.00052005  0.00015639  -0.0010667  -0.00012636  0.00017663  0.00038401
1935.0  -0.069411  -0.014581  -0.0044973  0.054017  0.0075057  0.053462  0.037428  0.050902  0.18959  0.063287  -0.0076041  0.0044364  0.046753  0.0077863  -0.0094032  0.0021337  -0.038793  0.016547  0.021864  0.031306  -0.011051  0.0049226  -0.0055166  -0.0021248  -0.011727  0.01197  -0.0048181  0.026199  -0.0014341  0.00018344  0.0012802  0.00060932  -0.004873  -0.00011198  -0.00053046  0.00017122  -0.001124  -0.00013828  0.00022895  0.00042627
1940.0  -0.069392  -0.014566  -0.0039823  0.053908  0.0066561  0.050145  0.035972  0.050859  0.18759  0.066649  -0.0076705  0.0044803  0.047292  0.0090609  -0.0094845  0.0021188  -0.039295  0.01684  0.020812  0.032137  -0.011345  0.0049866  -0.0056854  -0.0022531  -0.012124  0.01223  -0.0058865  0.026294  -0.0014523  0.00022165  0.0013525  0.00066366  -0.0050569  -0.00012383  -0.00054057  0.00018709  -0.001183  -0.00015117  0.00028608  0.00047229
1945.0  -0.069355  -0.01454  -0.0034744  0.053792  0.005902  0.046892  0.034552  0.050788  0.18554  0.069831  -0.0077379  0.0045238  0.047762  0.010372  -0.0095629  0.0021043  -0.039785  0.017134  0.019708  0.032873  -0.011641  0.0050487  -0.0058532  -0.0023857  -0.012522  0.012493  -0.006919  0.026323  -0.0014686  0.00026443  0.0014267  0.00072178  -0.0052433  -0.00013667  -0.00055035  0.00020403  -0.0012439  -0.0001651  0.00034819  0.00052232
1950.0  -0.069307  -0.014506  -0.0029739  0.053668  0.0052355  0.043707  0.033166  0.050695  0.18346  0.072847  -0.0078063  0.0045672  0.048159  0.011714  -0.0096383  0.0020903  -0.040264  0.01743  0.018563  0.033511  -0.01194  0.0051087  -0.0060198  -0.0025225  -0.012922  0.012761  -0.0079124  0.026294  -0.0014829  0.00031215  0.0015027  0.00078388  -0.0054321  -0.00015054  -0.00055983  0.00022208  -0.0013066  -0.00018013  0.00041549  0.00057666
1955.0  -0.06925  -0.014465  -0.0024811  0.053536  0.0046496  0.04059  0.031813  0.050582  0.18136  0.075711  -0.0078757  0.0046104  0.048483  0.013081  -0.009711  0.0020771  -0.040732  0.017728  0.017386  0.03405  -0.01224  0.0051667  -0.0061849  -0.0026636  -0.013325  0.013032  -0.0088651  0.026216  -0.0014954  0.00036524  0.0015805  0.00085013  -0.0056233  -0.00016552  -0.00056901  0.00024127  -0.0013712  -0.00019635  0.00048815  0.00063559
1960.0  -0.069187  -0.01442  -0.001996  0.053395  0.0041372  0.037542  0.030492  0.050455  0.17925  0.078434  -0.0079463  0.0046536  0.048732  0.01447  -0.0097809  0.0020647  -0.041191  0.018027  0.016189  0.034489  -0.012543  0.0052225  -0.0063483  -0.0028088  -0.01373  0.013306  -0.0097768  0.026094  -0.0015062  0.00042411  0.00166  0.00092071  -0.0058167  -0.00018167  -0.0005779  0.00026164  -0.0014376  -0.00021383  0.00056635  0.00069944
1965.0  -0.069121  -0.014373  -0.0015185  0.053244  0.0036922  0.034564  0.029202  0.050316  0.17713  0.081029  -0.008018  0.0046967  0.048904  0.015874  -0.0098482  0.0020531  -0.04164  0.018327  0.01498  0.034828  -0.012848  0.0052761  -0.0065098  -0.002958  -0.014139  0.013584  -0.010648  0.025937  -0.0015154  0.00048919  0.0017409  0.00099583  -0.0060124  -0.00019905  -0.00058651  0.00028323  -0.0015058  -0.00023265  0.00065025  0.00076852
1970.0  -0.069054  -0.014327  -0.0010484  0.053083  0.0033087  0.031654  0.02794  0.050168  0.17501  0.083505  -0.0080909  0.0047399  0.049  0.017288  -0.009913  0.0020426  -0.04208  0.018628  0.013771  0.035071  -0.013155  0.0053275  -0.0066693  -0.0031112  -0.014552  0.013865  -0.01148  0.02575  -0.0015233  0.00056092  0.0018233  0.0010757  -0.0062102  -0.00021773  -0.00059484  0.00030607  -0.0015759  -0.00025289  0.00074002  0.00084317
1975.0  -0.068986  -0.014286  -0.00058519  0.052911  0.0029815  0.028813  0.026705  0.050013  0.17289  0.08587  -0.0081648  0.0047831  0.049019  0.018706  -0.0099755  0.0020331  -0.04251  0.01893  0.012571  0.035219  -0.013465  0.0053766  -0.0068266  -0.0032682  -0.014969  0.014148  -0.012275  0.025538  -0.0015302  0.00063972  0.001907  0.0011604  -0.0064101  -0.00023778  -0.0006029  0.00033021  -0.0016479  -0.00027466  0.00083582  0.00092377
1980.0  -0.068919  -0.01425  -0.00012853  0.052728  0.0027056  0.02604  0.025495  0.049853  0.17077  0.088129  -0.0082399  0.0048264  0.048962  0.020126  -0.010036  0.0020247  -0.042933  0.019232  0.011389  0.035278  -0.013777  0.0054233  -0.0069815  -0.003429  -0.01539  0.014434  -0.013034  0.025304  -0.0015363  0.00072603  0.0019919  0.0012503  -0.0066121  -0.00025926  -0.00061069  0.00035568  -0.0017217  -0.00029803  0.00093778  0.0010107
1985.0  -0.068853  -0.014222  0.00032215  0.052533  0.0024764  0.023334  0.024308  0.04969  0.16866  0.09029  -0.0083159  0.0048697  0.048829  0.02154  -0.010094  0.0020176  -0.043347  0.019535  0.010231  0.035251  -0.014092  0.0054675  -0.0071339  -0.0035934  -0.015815  0.014721  -0.01376  0.025052  -0.0015422  0.00082026  0.0020779  0.0013455  -0.006816  -0.00028225  -0.00061823  0.00038254  -0.0017974  -0.00032312  0.0010461  0.0011043
1990.0  -0.068788  -0.014205  0.00076745  0.052326  0.0022899  0.020692  0.023142  0.049525  0.16655  0.092357  -0.008393  0.004913  0.048624  0.022946  -0.01015  0.0020118  -0.043753  0.019838  0.0091067  0.035146  -0.014409  0.0055091  -0.0072837  -0.0037615  -0.016246  0.015011  -0.014454  0.024785  -0.0015481  0.00092283  0.0021647  0.0014464  -0.0070217  -0.00030683  -0.00062551  0.00041082  -0.0018748  -0.00035003  0.0011608  0.001205
1995.0  -0.068722  -0.014199  0.001208  0.052106  0.0021422  0.018115  0.021995  0.049358  0.16446  0.094333  -0.0084709  0.0049564  0.048345  0.02434  -0.010205  0.0020073  -0.044152  0.02014  0.0080206  0.034968  -0.014729  0.0055478  -0.0074308  -0.0039329  -0.016681  0.015301  -0.01512  0.024504  -0.0015546  0.0010341  0.0022524  0.001553  -0.0072293  -0.00033305  -0.00063254  0.00044058  -0.0019541  -0.00037886  0.0012822  0.0013132
2000.0  -0.068655  -0.014206  0.0016444  0.051874  0.0020299  0.0156  0.020866  0.049191  0.16237  0.096224  -0.0085497  0.0049999  0.047997  0.025716  -0.010258  0.0020042  -0.044543  0.020443  0.006978  0.034725  -0.015052  0.0055837  -0.0075751  -0.0041079  -0.017122  0.015592  -0.015757  0.024211  -0.0015623  0.0011544  0.0023405  0.0016657  -0.0074387  -0.00036102  -0.00063934  0.00047188  -0.0020352  -0.00040974  0.0014102  0.0014294
2005.0  -0.068586  -0.014227  0.0020773  0.05163  0.0019496  0.013146  0.019752  0.049024  0.1603  0.098031  -0.0086293  0.0050435  0.047579  0.027074  -0.01031  0.0020024  -0.044927  0.020745  0.0059827  0.034423  -0.015378  0.0056164  -0.0077164  -0.0042862  -0.017569  0.015884  -0.016369  0.023907  -0.0015717  0.0012842  0.002429  0.0017847  -0.0076497  -0.0003908  -0.00064592  0.0005048  -0.0021181  -0.00044279  0.0015451  0.0015542
2010.0  -0.068514  -0.014262  0.0025075  0.051373  0.0018985  0.01075  0.018653  0.048857  0.15824  0.099759  -0.0087094  0.0050873  0.047095  0.028408  -0.01036  0.0020021  -0.045305  0.021046  0.0050377  0.03407  -0.015706  0.0056457  -0.0078547  -0.0044679  -0.01802  0.016175  -0.016957  0.023593  -0.0015836  0.0014235  0.0025177  0.0019103  -0.0078623  -0.00042249  -0.00065228  0.0005394  -0.0022026  -0.00047814  0.001687  0.0016879
2015.0  -0.068438  -0.014311  0.0029356  0.051103  0.0018737  0.0084113  0.017567  0.04869  0.1562  0.10141  -0.0087902  0.0051313  0.046545  0.029717  -0.01041  0.0020032  -0.045676  0.021346  0.0041449  0.033672  -0.016038  0.0056714  -0.0079898  -0.0046531  -0.018478  0.016465  -0.017521  0.02327  -0.0015986  0.0015728  0.0026063  0.0020429  -0.0080764  -0.00045619  -0.00065847  0.00057577  -0.0022889  -0.00051593  0.001836  0.0018312
2020.0  -0.068355  -0.014374  0.0033623  0.05082  0.0018728  0.0061275  0.016492  0.048523  0.15418  0.10299  -0.0088714  0.0051756  0.045932  0.030998  -0.010458  0.0020057  -0.046041  0.021645  0.0033054  0.033236  -0.016373  0.0056933  -0.0081217  -0.0048416  -0.018941  0.016755  -0.018062  0.022939  -0.0016176  0.0017321  0.0026944  0.0021828  -0.0082919  -0.00049199  -0.00066451  0.00061399  -0.0023768  -0.0005563  0.0019921  0.0019847
2025.0  -0.068266  -0.014451  0.0037883  0.050525  0.0018935  0.0038964  0.015427  0.048356  0.15218  0.1045  -0.0089531  0.0052202  0.045258  0.032249  -0.010505  0.0020096  -0.0464  0.021942  0.0025193  0.03277  -0.016712  0.0057109  -0.0082501  -0.0050336  -0.01941  0.017042  -0.018581  0.0226  -0.0016414  0.0019015  0.0027818  0.0023303  -0.0085088  -0.00053002  -0.00067045  0.00065418  -0.0024662  -0.0005994  0.0021555  0.002149
2030.0  -0.068168  -0.01454  0.0042142  0.050218  0.0019337  0.0017158  0.014371  0.048189  0.1502  0.10594  -0.0090352  0.0052653  0.044524  0.033468  -0.010552  0.0020149  -0.046754  0.022237  0.0017863  0.032278  -0.017053  0.0057241  -0.0083749  -0.0052291  -0.019884  0.017327  -0.019078  0.022254  -0.0016708  0.0020811  0.002868  0.0024857  -0.0087268  -0.00057038  -0.00067636  0.00069641  -0.0025571  -0.00064537  0.0023262  0.0023249
2035.0  -0.068062  -0.01464  0.0046408  0.049899  0.0019917  -0.00041679  0.013323  0.04802  0.14825  0.10731  -0.0091175  0.0053108  0.043733  0.034652  -0.010598  0.0020215  -0.047102  0.02253  0.0011054  0.031767  -0.017397  0.0057325  -0.0084958  -0.0054281  -0.020363  0.017609  -0.019554  0.021901  -0.0017068  0.0022708  0.0029526  0.0026494  -0.008946  -0.00061322  -0.00068232  0.00074082  -0.0026494  -0.0006944  0.0025042  0.0025131
2040.0  -0.067946  -0.014752  0.0050685  0.049567  0.002066  -0.0025037  0.012282  0.04785  0.14632  0.10862  -0.0092002  0.0053569  0.042884  0.035801  -0.010644  0.0020295  -0.047445  0.02282  0.00047515  0.031242  -0.017745  0.0057357  -0.0086126  -0.0056308  -0.020847  0.017888  -0.020008  0.021543  -0.0017503  0.0024703  0.0030351  0.0028217  -0.0091663  -0.00065865  -0.00068841  0.00078749  -0.0027429  -0.00074663  0.0026893  0.0027145
2045.0  -0.06782  -0.014872  0.005498  0.049225  0.0021553  -0.0045477  0.011247  0.047678  0.14442  0.10988  -0.0092831  0.0054036  0.041979  0.036912  -0.010689  0.0020388  -0.047783  0.023106  -0.0001064  0.030708  -0.018095  0.0057335  -0.0087249  -0.0058371  -0.021335  0.018164  -0.020442  0.021181  -0.0018022  0.0026795  0.0031147  0.003003  -0.0093873  -0.00070684  -0.00069477  0.00083654  -0.0028376  -0.00080223  0.0028816  0.0029301
2050.0  -0.067683  -0.015  0.0059298  0.048871  0.0022587  -0.0065513  0.010218  0.047503  0.14254  0.11107  -0.0093663  0.0054511  0.04102  0.037982  -0.010734  0.0020493  -0.048116  0.023388  -0.00064135  0.030168  -0.018448  0.0057255  -0.0088325  -0.0060471  -0.021829  0.018435  -0.020855  0.020815  -0.0018636  0.0028979  0.0031909  0.0031936  -0.0096091  -0.00075791  -0.00070154  0.00088807  -0.0029332  -0.00086137  0.0030808  0.0031607
2055.0  -0.067536  -0.015134  0.0063643  0.048506  0.0023757  -0.0085174  0.009194  0.047323  0.14069  0.11221  -0.0094497  0.0054993  0.040007  0.039011  -0.010779  0.0020611  -0.048443  0.023666  -0.0011321  0.029627  -0.018804  0.0057114  -0.0089348  -0.0062606  -0.022326  0.018703  -0.021247  0.020446  -0.0019353  0.0031251  0.0032628  0.0033936  -0.0098314  -0.00081202  -0.00070887  0.00094216  -0.0030297  -0.00092421  0.0032866  0.0034074
2060.0  -0.067378  -0.015273  0.006802  0.048131  0.002506  -0.010449  0.0081747  0.047139  0.13887  0.11329  -0.0095335  0.0055484  0.038942  0.039996  -0.010824  0.0020741  -0.048765  0.023939  -0.0015811  0.029087  -0.019162  0.0056908  -0.0090316  -0.0064778  -0.022826  0.018966  -0.021619  0.020077  -0.0020183  0.0033603  0.0033295  0.0036034  -0.010054  -0.00086932  -0.00071697  0.0009989  -0.0031268  -0.00099091  0.0034986  0.0036712
2065.0  -0.067209  -0.015415  0.007243  0.047745  0.00265  -0.012348  0.0071604  0.046949  0.13708  0.11432  -0.0096175  0.0055983  0.037824  0.040934  -0.010869  0.0020882  -0.04908  0.024207  -0.0019911  0.028553  -0.019522  0.0056636  -0.0091222  -0.0066983  -0.023331  0.019226  -0.021971  0.019707  -0.0021135  0.0036029  0.0033901  0.0038228  -0.010277  -0.00092995  -0.00072605  0.0010583  -0.0032242  -0.0010616  0.0037162  0.0039534
2070.0  -0.067031  -0.01556  0.0076875  0.04735  0.0028082  -0.014218  0.006151  0.046752  0.13531  0.11529  -0.0097018  0.0056491  0.036655  0.041822  -0.010914  0.0021035  -0.04939  0.024469  -0.0023647  0.028025  -0.019884  0.0056294  -0.0092063  -0.0069221  -0.023838  0.019481  -0.022305  0.019339  -0.0022216  0.0038521  0.0034435  0.004052  -0.010499  -0.00099405  -0.00073634  0.0011205  -0.0033219  -0.0011365  0.0039387  0.0042549
2075.0  -0.066843  -0.015705  0.0081357  0.046946  0.0029819  -0.016061  0.0051471  0.046547  0.13359  0.11621  -0.0097865  0.0057008  0.035436  0.042657  -0.010959  0.0021199  -0.049693  0.024725  -0.0027045  0.027506  -0.020247  0.005588  -0.0092833  -0.0071489  -0.024349  0.019731  -0.02262  0.018974  -0.0023434  0.0041068  0.0034886  0.0042908  -0.010721  -0.0010617  -0.00074809  0.0011854  -0.0034194  -0.0012157  0.0041654  0.0045769
2080.0  -0.066647  -0.01585  0.0085875  0.046532  0.0031726  -0.017879  0.0041492  0.046334  0.13189  0.11708  -0.0098715  0.0057535  0.034167  0.043437  -0.011005  0.0021374  -0.049988  0.024975  -0.0030133  0.026999  -0.020611  0.0055393  -0.0093528  -0.0073784  -0.024863  0.019978  -0.022918  0.018613  -0.0024796  0.0043662  0.0035243  0.0045388  -0.010942  -0.0011331  -0.00076157  0.001253  -0.0035165  -0.0012993  0.0043951  0.0049206
2085.0  -0.066442  -0.015994  0.009043  0.046109  0.0033824  -0.019675  0.003158  0.046113  0.13023  0.1179  -0.009957  0.0058071  0.032851  0.044157  -0.01105  0.002156  -0.050277  0.025219  -0.0032934  0.026503  -0.020976  0.0054831  -0.0094141  -0.00761  -0.025379  0.020221  -0.0232  0.018256  -0.0026306  0.0046289  0.0035494  0.0047956  -0.011162  -0.0012083  -0.00077707  0.0013232  -0.0036129  -0.0013874  0.0046266  0.005287
2090.0  -0.066231  -0.016135  0.0095019  0.045677  0.0036137  -0.02145  0.0021743  0.045882  0.12861  0.11867  -0.010043  0.0058617  0.031489  0.044812  -0.011096  0.0021756  -0.050557  0.025457  -0.0035476  0.026021  -0.021341  0.0054194  -0.0094668  -0.0078433  -0.025899  0.02046  -0.023467  0.017905  -0.0027969  0.0048939  0.0035627  0.0050604  -0.01138  -0.0012872  -0.00079485  0.0013959  -0.0037083  -0.0014801  0.0048586  0.005677
2095.0  -0.066013  -0.016274  0.0099642  0.045235  0.0038693  -0.023204  0.0011989  0.045642  0.12702  0.11939  -0.010129  0.0059171  0.030083  0.0454  -0.011143  0.0021963  -0.050829  0.025688  -0.003778  0.025554  -0.021706  0.0053479  -0.0095106  -0.0080777  -0.026423  0.020695  -0.02372  0.017561  -0.0029788  0.0051599  0.0035631  0.0053324  -0.011597  -0.0013699  -0.00081518  0.0014709  -0.0038022  -0.0015775  0.0050896  0.0060915
2100.0  -0.06579  -0.016409  0.01043  0.044782  0.0041522  -0.024938  0.00023283  0.045393  0.12549  0.12007  -0.010216  0.0059735  0.028637  0.045914  -0.01119  0.0022181  -0.051091  0.025914  -0.0039871  0.025101  -0.022071  0.0052688  -0.009545  -0.0083124  -0.026949  0.020927  -0.023962  0.017224  -0.0031765  0.0054256  0.0035496  0.0056105  -0.011811  -0.0014564  -0.00083832  0.001548  -0.0038944  -0.0016796  0.0053176  0.0065312
2105.0  -0.065564  -0.01654  0.010899  0.044319  0.0044653  -0.026652  -0.00072322  0.045135  0.12399  0.1207  -0.010304  0.0060306  0.027154  0.046352  -0.011238  0.0022409  -0.051344  0.026134  -0.004177  0.024663  -0.022435  0.0051821  -0.0095698  -0.0085468  -0.02748  0.021154  -0.024192  0.016895  -0.00339  0.0056896  0.0035212  0.0058933  -0.012022  -0.0015466  -0.00086449  0.001627  -0.0039843  -0.0017862  0.0055409  0.0069966
2110.0  -0.065334  -0.016667  0.011371  0.043845  0.0048117  -0.028344  -0.0016685  0.044869  0.12254  0.12128  -0.010393  0.0060886  0.025639  0.046707  -0.011286  0.0022648  -0.051587  0.026348  -0.0043497  0.024242  -0.022798  0.0050879  -0.0095848  -0.0087798  -0.028015  0.021378  -0.024414  0.016574  -0.0036191  0.0059506  0.0034773  0.0061796  -0.01223  -0.0016402  -0.00089388  0.0017075  -0.0040715  -0.0018975  0.0057575  0.007488
2115.0  -0.065103  -0.01679  0.011848  0.043357  0.0051942  -0.030012  -0.0026025  0.044595  0.12114  0.12183  -0.010482  0.0061472  0.024096  0.046976  -0.011335  0.0022898  -0.05182  0.026558  -0.0045071  0.023836  -0.02316  0.0049862  -0.0095899  -0.0090107  -0.028555  0.021598  -0.024628  0.016261  -0.0038637  0.0062072  0.0034174  0.0064675  -0.012434  -0.001737  -0.00092664  0.0017892  -0.0041557  -0.0020133  0.005965  0.0080053
2120.0  -0.06487  -0.016909  0.012329  0.042857  0.0056151  -0.031653  -0.0035247  0.044315  0.11979  0.12234  -0.010571  0.0062065  0.022532  0.047155  -0.011386  0.002316  -0.052042  0.026763  -0.004651  0.023446  -0.023519  0.0048771  -0.0095852  -0.0092386  -0.029101  0.021813  -0.024836  0.015955  -0.0041232  0.0064581  0.0033413  0.0067556  -0.012633  -0.0018368  -0.00096286  0.0018718  -0.0042363  -0.0021334  0.0061616  0.0085485
2125.0  -0.064638  -0.017024  0.012815  0.042341  0.0060763  -0.033265  -0.0044351  0.044028  0.11849  0.12281  -0.010662  0.0062662  0.020954  0.047241  -0.011436  0.0023432  -0.052253  0.026963  -0.0047831  0.023071  -0.023877  0.0047609  -0.0095709  -0.0094624  -0.029652  0.022024  -0.025039  0.015657  -0.0043971  0.0067021  0.0032489  0.0070419  -0.012829  -0.0019391  -0.0010026  0.0019548  -0.004313  -0.0022575  0.0063448  0.0091168
2130.0  -0.064406  -0.017135  0.013308  0.04181  0.0065789  -0.034843  -0.0053335  0.043736  0.11725  0.12325  -0.010753  0.0063262  0.019369  0.04723  -0.011489  0.0023716  -0.052453  0.02716  -0.0049047  0.022712  -0.024232  0.0046378  -0.0095472  -0.0096812  -0.030209  0.022229  -0.025238  0.015367  -0.0046845  0.0069378  0.0031407  0.007325  -0.013019  -0.0020434  -0.0010457  0.0020378  -0.0043853  -0.0023856  0.0065126  0.0097093
2135.0  -0.064176  -0.017243  0.013808  0.041262  0.0071229  -0.036382  -0.0062201  0.043439  0.11606  0.12365  -0.010846  0.0063865  0.017785  0.047121  -0.011542  0.0024012  -0.052642  0.027354  -0.0050174  0.022367  -0.024585  0.0045079  -0.0095147  -0.0098942  -0.030773  0.022428  -0.025436  0.015082  -0.0049846  0.0071643  0.0030172  0.007603  -0.013204  -0.0021494  -0.0010922  0.0021206  -0.0044527  -0.0025171  0.0066629  0.010325
2140.0  -0.063948  -0.017349  0.014318  0.040696  0.0077078  -0.037879  -0.0070954  0.043139  0.11493  0.12404  -0.010939  0.0064468  0.016212  0.046912  -0.011597  0.0024318  -0.052819  0.027546  -0.0051222  0.022037  -0.024935  0.0043715  -0.009474  -0.0101  -0.031344  0.02262  -0.025632  0.014804  -0.0052964  0.0073805  0.0028792  0.0078744  -0.013384  -0.0022563  -0.001142  0.0022027  -0.004515  -0.0026516  0.0067939  0.010962
2145.0  -0.063722  -0.017453  0.014839  0.040112  0.0083316  -0.039328  -0.0079596  0.042835  0.11386  0.12439  -0.011033  0.006507  0.014659  0.046605  -0.011653  0.0024636  -0.052985  0.027736  -0.0052202  0.021722  -0.025282  0.0042289  -0.0094258  -0.010299  -0.031922  0.022805  -0.025828  0.014529  -0.0056185  0.0075857  0.002728  0.0081381  -0.013558  -0.0023637  -0.0011947  0.0022838  -0.0045717  -0.0027889  0.006904  0.011619
2150.0  -0.063499  -0.017557  0.015373  0.039509  0.0089915  -0.040726  -0.0088134  0.042529  0.11285  0.12472  -0.011127  0.0065669  0.013134  0.0462  -0.011711  0.0024964  -0.053138  0.027925  -0.0053124  0.021419  -0.025627  0.0040803  -0.009371  -0.01049  -0.032508  0.022982  -0.026024  0.014259  -0.0059498  0.0077791  0.0025648  0.0083929  -0.013727  -0.0024709  -0.0012501  0.0023635  -0.0046226  -0.0029282  0.0069917  0.012294
2155.0  -0.063279  -0.01766  0.015922  0.038887  0.0096838  -0.042068  -0.0096573  0.042219  0.11191  0.12504  -0.011222  0.0066262  0.011647  0.045701  -0.011771  0.0025301  -0.053281  0.028114  -0.0053995  0.02113  -0.025968  0.003926  -0.0093104  -0.010672  -0.033101  0.023148  -0.026222  0.013991  -0.006289  0.0079602  0.0023911  0.0086379  -0.01389  -0.0025772  -0.0013079  0.0024418  -0.0046675  -0.0030691  0.0070561  0.012985
2160.0  -0.063062  -0.017763  0.016488  0.038246  0.010404  -0.043351  -0.010492  0.041907  0.11102  0.12534  -0.011318  0.006685  0.010207  0.045112  -0.011833  0.0025646  -0.053412  0.028304  -0.0054821  0.020854  -0.026306  0.0037662  -0.0092451  -0.010846  -0.033701  0.023305  -0.026421  0.013724  -0.0066346  0.008129  0.0022082  0.0088727  -0.014048  -0.0026822  -0.0013678  0.0025183  -0.0047062  -0.003211  0.0070966  0.013689
2165.0  -0.062848  -0.017867  0.017073  0.037586  0.011146  -0.044574  -0.011317  0.041592  0.11021  0.12563  -0.011414  0.0067429  0.0088222  0.044438  -0.011897  0.0025998  -0.053531  0.028495  -0.0055608  0.020589  -0.026641  0.0036012  -0.0091762  -0.01101  -0.034308  0.023449  -0.026621  0.013457  -0.0069853  0.0082852  0.0020177  0.009097  -0.014201  -0.0027853  -0.0014293  0.0025929  -0.0047387  -0.0033534  0.0071128  0.014405
2170.0  -0.062637  -0.017973  0.017679  0.036907  0.011904  -0.045734  -0.012134  0.041274  0.10945  0.12592  -0.01151  0.0067998  0.0075001  0.043686  -0.011964  0.0026355  -0.05364  0.028688  -0.0056359  0.020336  -0.026973  0.0034314  -0.0091047  -0.011164  -0.034922  0.023582  -0.026823  0.01319  -0.0073398  0.008429  0.001821  0.0093109  -0.01435  -0.0028861  -0.0014922  0.0026657  -0.004765  -0.0034955  0.0071048  0.015129
2175.0  -0.062427  -0.018082  0.018308  0.036211  0.012672  -0.046833  -0.012942  0.040953  0.10877  0.1262  -0.011606  0.0068557  0.0062474  0.042863  -0.012033  0.0026715  -0.053739  0.028884  -0.0057079  0.020094  -0.027302  0.0032568  -0.0090316  -0.01131  -0.035542  0.023701  -0.027027  0.01292  -0.007697  0.0085607  0.0016196  0.0095145  -0.014495  -0.0029842  -0.001556  0.0027367  -0.0047851  -0.0036368  0.0070732  0.01586
2180.0  -0.062219  -0.018194  0.018962  0.035497  0.013445  -0.04787  -0.013742  0.040629  0.10815  0.12648  -0.011702  0.0069104  0.0050693  0.041977  -0.012104  0.0027076  -0.053828  0.029084  -0.0057768  0.019863  -0.027628  0.0030777  -0.0089581  -0.011447  -0.036167  0.023806  -0.027231  0.012648  -0.0080555  0.0086809  0.0014146  0.0097084  -0.014636  -0.0030793  -0.0016205  0.0028058  -0.0047994  -0.0037768  0.0070187  0.016596
2185.0  -0.062011  -0.018308  0.019641  0.034767  0.014215  -0.048848  -0.014533  0.0403  0.1076  0.12677  -0.011797  0.0069638  0.0039702  0.041038  -0.012178  0.0027436  -0.053908  0.029289  -0.005843  0.019642  -0.027952  0.0028944  -0.0088849  -0.011575  -0.036797  0.023896  -0.027436  0.012371  -0.0084146  0.00879  0.0012069  0.0098932  -0.014775  -0.0031713  -0.0016851  0.0028732  -0.0048081  -0.0039149  0.0069424  0.017335
2190.0  -0.061804  -0.018426  0.020348  0.034022  0.014978  -0.049771  -0.015315  0.039969  0.10711  0.12708  -0.011891  0.007016  0.0029528  0.040054  -0.012255  0.0027791  -0.053979  0.029499  -0.0059064  0.019431  -0.028273  0.0027069  -0.0088131  -0.011695  -0.037432  0.023971  -0.027641  0.01209  -0.0087733  0.0088889  0.00099759  0.01007  -0.014911  -0.0032603  -0.0017498  0.0029392  -0.0048114  -0.0040508  0.0068456  0.018076
2195.0  -0.061596  -0.018547  0.021083  0.033262  0.015729  -0.050643  -0.016088  0.039633  0.10669  0.1274  -0.011985  0.0070669  0.0020186  0.039036  -0.012334  0.0028142  -0.054043  0.029715  -0.005967  0.01923  -0.028592  0.0025153  -0.0087434  -0.011808  -0.038069  0.02403  -0.027845  0.011803  -0.009131  0.0089784  0.00078715  0.010239  -0.015045  -0.0033462  -0.0018142  0.0030039  -0.0048097  -0.004184  0.0067299  0.018818
2200.0  -0.061387  -0.018671  0.021847  0.032487  0.016464  -0.051469  -0.016852  0.039294  0.10634  0.12775  -0.012077  0.0071166  0.001168  0.037992  -0.012416  0.0028485  -0.0541  0.029938  -0.006025  0.019039  -0.028909  0.0023198  -0.0086765  -0.011914  -0.038709  0.024074  -0.028047  0.01151  -0.0094871  0.0090592  0.00057605  0.010401  -0.015178  -0.0034293  -0.001878  0.0030675  -0.0048035  -0.0043141  0.0065966  0.01956
