#Partial waves for eta N -> pi + N 
#columns: W S11  S31  P11  P13  P31  P33  D13  D15  D33  D35  F15  F17  F35  F37  G17  G19  G37  G39  H19  H39
1490.0  0.13156  0.18832  0.0  0.0  0.00092726  0.0098332  -0.0014099  0.00021459  0.0  0.0  0.0  0.0  0.00064012  0.0011785  -0.0003952  -6.1463e-05  0.0  0.0  0.0  0.0  1.748e-06  2.0463e-07  8.6405e-07  1.0891e-08  0.0  0.0  0.0  0.0  1.8982e-08  5.6358e-10  -7.6554e-08  -3.4862e-10  0.0  0.0  0.0  0.0  -1.3656e-10  -1.4066e-12  0.0  0.0
1495.0  0.12688  0.25484  0.0  0.0  0.0016291  0.018595  -0.0026626  0.00041947  0.0  0.0  0.0  0.0  0.0016517  0.0038962  -0.001213  -0.00019963  0.0  0.0  0.0  0.0  8.6152e-06  1.0725e-06  4.1443e-06  5.5131e-08  0.0  0.0  0.0  0.0  1.4511e-07  4.4704e-09  -5.7358e-07  -2.7394e-09  0.0  0.0  0.0  0.0  -1.6364e-09  -1.5257e-11  0.0  0.0
1500.0  0.11136  0.2995  0.0  0.0  0.0021019  0.025614  -0.0036558  0.00059683  0.0  0.0  0.0  0.0  0.0022921  0.007439  -0.0021904  -0.00038187  0.0  0.0  0.0  0.0  2.0196e-05  2.6736e-06  9.4496e-06  1.3262e-07  0.0  0.0  0.0  0.0  4.2641e-07  1.3597e-08  -1.6521e-06  -8.2815e-09  0.0  0.0  0.0  0.0  -6.089e-09  -5.1342e-11  0.0  0.0
1505.0  0.089392  0.3353  0.0  0.0  0.0024493  0.031642  -0.0044927  0.00076099  0.0  0.0  0.0  0.0  0.0022606  0.011566  -0.0032898  -0.00060833  0.0  0.0  0.0  0.0  3.6577e-05  5.1497e-06  1.6636e-05  2.4625e-07  0.0  0.0  0.0  0.0  8.9863e-07  2.9598e-08  -3.413e-06  -1.7969e-08  0.0  0.0  0.0  0.0  -1.5087e-08  -1.1513e-10  0.0  0.0
1510.0  0.062843  0.36381  0.0  0.0  0.0027149  0.036995  -0.0052143  0.00091763  0.0  0.0  0.0  0.0  0.0013692  0.01599  -0.0044951  -0.00088268  0.0  0.0  0.0  0.0  5.8017e-05  8.6889e-06  2.5638e-05  4.0012e-07  0.0  0.0  0.0  0.0  1.5959e-06  5.4212e-08  -5.9419e-06  -3.288e-08  0.0  0.0  0.0  0.0  -3.0323e-08  -2.1009e-10  0.0  0.0
1515.0  0.033472  0.38589  0.0  0.0  0.0029194  0.041855  -0.0058433  0.0010699  0.0  0.0  0.0  0.0  -0.00043972  0.020388  -0.0057975  -0.0012104  0.0  0.0  0.0  0.0  8.4871e-05  1.3524e-05  3.6419e-05  5.9907e-07  0.0  0.0  0.0  0.0  2.5524e-06  8.9328e-08  -9.317e-06  -5.422e-08  0.0  0.0  0.0  0.0  -5.3613e-08  -3.3953e-10  0.0  0.0
1520.0  0.0024682  0.40224  0.0  0.0  0.0030707  0.046341  -0.0063942  0.00122  0.0  0.0  0.0  0.0  -0.0030893  0.024455  -0.0071917  -0.0015983  0.0  0.0  0.0  0.0  0.00011757  1.994e-05  4.8961e-05  8.4855e-07  0.0  0.0  0.0  0.0  3.8031e-06  1.3703e-07  -1.3612e-05  -8.3347e-08  0.0  0.0  0.0  0.0  -8.6922e-08  -5.0854e-10  0.0  0.0
1525.0  -0.029363  0.41343  0.0  0.0  0.0031687  0.050538  -0.0068772  0.0013695  0.0  0.0  0.0  0.0  -0.0063984  0.027966  -0.0086741  -0.0020544  0.0  0.0  0.0  0.0  0.00015659  2.8279e-05  6.3254e-05  1.1546e-06  0.0  0.0  0.0  0.0  5.3841e-06  1.9965e-07  -1.8896e-05  -1.2179e-07  0.0  0.0  0.0  0.0  -1.3237e-07  -7.2616e-10  0.0  0.0
1530.0  -0.061411  0.41986  0.0  0.0  0.0032084  0.054507  -0.0072998  0.0015197  0.0  0.0  0.0  0.0  -0.010135  0.030796  -0.010242  -0.0025883  0.0  0.0  0.0  0.0  0.00020248  3.8955e-05  7.9295e-05  1.5236e-06  0.0  0.0  0.0  0.0  7.3328e-06  2.7982e-07  -2.5238e-05  -1.7127e-07  0.0  0.0  0.0  0.0  -1.9226e-07  -1.0078e-09  0.0  0.0
1535.0  -0.093157  0.42187  0.0  0.0  0.0031819  0.058293  -0.0076677  0.0016717  0.0  0.0  0.0  0.0  -0.01407  0.032923  -0.011894  -0.0032105  0.0  0.0  0.0  0.0  0.00025585  5.247e-05  9.7085e-05  1.9628e-06  0.0  0.0  0.0  0.0  9.6883e-06  3.8052e-07  -3.2703e-05  -2.337e-07  0.0  0.0  0.0  0.0  -2.6904e-07  -1.3778e-09  0.0  0.0
1540.0  -0.12413  0.41975  0.0  0.0  0.0030798  0.061928  -0.0079857  0.0018266  0.0  0.0  0.0  0.0  -0.018013  0.0344  -0.013626  -0.0039335  0.0  0.0  0.0  0.0  0.00031736  6.9424e-05  0.00011663  2.4795e-06  0.0  0.0  0.0  0.0  1.2491e-05  5.0513e-07  -4.1356e-05  -3.1125e-07  0.0  0.0  0.0  0.0  -3.6537e-07  -1.8721e-09  0.0  0.0
1545.0  -0.1539  0.41378  0.0  0.0  0.0028923  0.065438  -0.0082576  0.0019854  0.0  0.0  0.0  0.0  -0.021828  0.03532  -0.015437  -0.0047711  0.0  0.0  0.0  0.0  0.00038771  9.0545e-05  0.00013792  3.082e-06  0.0  0.0  0.0  0.0  1.5784e-05  6.5753e-07  -5.1259e-05  -4.0628e-07  0.0  0.0  0.0  0.0  -4.8411e-07  -2.5415e-09  0.0  0.0
1550.0  -0.18207  0.40427  0.0  0.0  0.0026097  0.068837  -0.0084862  0.0021491  0.0  0.0  0.0  0.0  -0.02543  0.035791  -0.017322  -0.0057388  0.0  0.0  0.0  0.0  0.00046768  0.00011671  0.00016098  3.7787e-06  0.0  0.0  0.0  0.0  1.961e-05  8.4214e-07  -6.2476e-05  -5.2143e-07  0.0  0.0  0.0  0.0  -6.283e-07  -3.454e-09  0.0  0.0
1555.0  -0.20829  0.39154  0.0  0.0  0.0022232  0.072135  -0.0086743  0.0023188  0.0  0.0  0.0  0.0  -0.028778  0.035917  -0.019276  -0.0068543  0.0  0.0  0.0  0.0  0.00055809  0.00014898  0.00018581  4.579e-06  0.0  0.0  0.0  0.0  2.4017e-05  1.064e-06  -7.5066e-05  -6.5961e-07  0.0  0.0  0.0  0.0  -8.0121e-07  -4.6981e-09  0.0  0.0
1560.0  -0.23224  0.37592  0.0  0.0  0.0017249  0.07534  -0.0088239  0.0024956  0.0  0.0  0.0  0.0  -0.03186  0.03579  -0.021292  -0.008137  0.0  0.0  0.0  0.0  0.00065979  0.00018864  0.00021242  5.4927e-06  0.0  0.0  0.0  0.0  2.9053e-05  1.3289e-06  -8.9091e-05  -8.2403e-07  0.0  0.0  0.0  0.0  -1.0063e-06  -6.3861e-09  0.0  0.0
1565.0  -0.25368  0.35779  0.0  0.0  0.0011082  0.078451  -0.0089367  0.0026807  0.0  0.0  0.0  0.0  -0.034684  0.035482  -0.02336  -0.0096088  0.0  0.0  0.0  0.0  0.00077367  0.00023723  0.0002408  6.5304e-06  0.0  0.0  0.0  0.0  3.4768e-05  1.6434e-06  -0.00010461  -1.0182e-06  0.0  0.0  0.0  0.0  -1.2474e-06  -8.6564e-09  0.0  0.0
1570.0  -0.27238  0.33751  0.0  0.0  0.00036795  0.081468  -0.0090142  0.0028757  0.0  0.0  0.0  0.0  -0.037267  0.035051  -0.025467  -0.011293  0.0  0.0  0.0  0.0  0.00090062  0.00029663  0.00027098  7.7038e-06  0.0  0.0  0.0  0.0  4.1214e-05  2.015e-06  -0.00012168  -1.2461e-06  0.0  0.0  0.0  0.0  -1.5283e-06  -1.1677e-08  0.0  0.0
1575.0  -0.28821  0.31542  0.0  0.0  -0.0004994  0.084387  -0.0090576  0.0030823  0.0  0.0  0.0  0.0  -0.039633  0.03454  -0.027596  -0.013216  0.0  0.0  0.0  0.0  0.0010415  0.00036911  0.00030296  9.0254e-06  0.0  0.0  0.0  0.0  4.8448e-05  2.4521e-06  -0.00014036  -1.5119e-06  0.0  0.0  0.0  0.0  -1.8534e-06  -1.5649e-08  0.0  0.0
1580.0  -0.30103  0.29188  0.0  0.0  -0.0014958  0.087202  -0.0090679  0.0033025  0.0  0.0  0.0  0.0  -0.041807  0.033981  -0.029722  -0.015405  0.0  0.0  0.0  0.0  0.001197  0.00045739  0.00033675  1.0509e-05  0.0  0.0  0.0  0.0  5.6526e-05  2.9642e-06  -0.00016071  -1.8203e-06  0.0  0.0  0.0  0.0  -2.227e-06  -2.0807e-08  0.0  0.0
1585.0  -0.31075  0.26722  0.0  0.0  -0.0026213  0.089903  -0.009046  0.0035386  0.0  0.0  0.0  0.0  -0.043813  0.033395  -0.031816  -0.017887  0.0  0.0  0.0  0.0  0.0013678  0.00056477  0.00037236  1.217e-05  0.0  0.0  0.0  0.0  6.5509e-05  3.5621e-06  -0.00018278  -2.1766e-06  0.0  0.0  0.0  0.0  -2.6539e-06  -2.7425e-08  0.0  0.0
1590.0  -0.3173  0.24177  0.0  0.0  -0.0038734  0.092481  -0.0089928  0.0037934  0.0  0.0  0.0  0.0  -0.045673  0.032798  -0.033838  -0.020691  0.0  0.0  0.0  0.0  0.0015541  0.00069519  0.0004098  1.4024e-05  0.0  0.0  0.0  0.0  7.546e-05  4.2578e-06  -0.00020664  -2.5866e-06  0.0  0.0  0.0  0.0  -3.1392e-06  -3.5818e-08  0.0  0.0
1595.0  -0.32061  0.21587  0.0  0.0  -0.0052468  0.094925  -0.0089093  0.0040702  0.0  0.0  0.0  0.0  -0.047406  0.032199  -0.035741  -0.023842  0.0  0.0  0.0  0.0  0.0017557  0.00085335  0.00044907  1.609e-05  0.0  0.0  0.0  0.0  8.6445e-05  5.0648e-06  -0.00023233  -3.0567e-06  0.0  0.0  0.0  0.0  -3.6882e-06  -4.6345e-08  0.0  0.0
1600.0  -0.32076  0.18989  0.0  0.0  -0.0067344  0.097224  -0.0087964  0.0043727  0.0  0.0  0.0  0.0  -0.04903  0.031604  -0.037463  -0.02736  0.0  0.0  0.0  0.0  0.0019716  0.0010448  0.00049018  1.8388e-05  0.0  0.0  0.0  0.0  9.8531e-05  5.9979e-06  -0.00025993  -3.5938e-06  0.0  0.0  0.0  0.0  -4.3065e-06  -5.9411e-08  0.0  0.0
1605.0  -0.3181  0.16393  0.0  0.0  -0.0083368  0.099367  -0.0086555  0.004706  0.0  0.0  0.0  0.0  -0.050557  0.031015  -0.038932  -0.031258  0.0  0.0  0.0  0.0  0.0021999  0.001276  0.00053315  2.0941e-05  0.0  0.0  0.0  0.0  0.00011179  7.0737e-06  -0.00028947  -4.2061e-06  0.0  0.0  0.0  0.0  -5e-06  -7.547e-08  0.0  0.0
1610.0  -0.31252  0.13745  0.0  0.0  -0.010051  0.10129  -0.0084914  0.0050761  0.0  0.0  0.0  0.0  -0.052001  0.030435  -0.040062  -0.035533  0.0  0.0  0.0  0.0  0.0024368  0.0015542  0.00057797  2.3773e-05  0.0  0.0  0.0  0.0  0.00012629  8.3107e-06  -0.00032101  -4.902e-06  0.0  0.0  0.0  0.0  -5.7749e-06  -9.5032e-08  0.0  0.0
1615.0  -0.29926  0.10914  0.0  0.0  -0.011711  0.10296  -0.0083077  0.0054802  0.0  0.0  0.0  0.0  -0.053369  0.029862  -0.04076  -0.040167  0.0  0.0  0.0  0.0  0.0026768  0.0018874  0.00062466  2.691e-05  0.0  0.0  0.0  0.0  0.00014212  9.7291e-06  -0.00035462  -5.6915e-06  0.0  0.0  0.0  0.0  -6.638e-06  -1.1866e-07  0.0  0.0
1620.0  -0.28179  0.086814  0.0  0.0  -0.013307  0.10457  -0.0080965  0.0059258  0.0  0.0  0.0  0.0  -0.054667  0.029297  -0.040924  -0.045113  0.0  0.0  0.0  0.0  0.0029112  0.0022839  0.00067321  3.038e-05  0.0  0.0  0.0  0.0  0.00015936  1.1351e-05  -0.00039035  -6.5853e-06  0.0  0.0  0.0  0.0  -7.596e-06  -1.4698e-07  0.0  0.0
1625.0  -0.26186  0.067931  0.0  0.0  -0.01493  0.10612  -0.0078621  0.0064269  0.0  0.0  0.0  0.0  -0.055901  0.028743  -0.040451  -0.050296  0.0  0.0  0.0  0.0  0.0031279  0.0027515  0.00072362  3.4207e-05  0.0  0.0  0.0  0.0  0.00017808  1.3201e-05  -0.00042824  -7.5953e-06  0.0  0.0  0.0  0.0  -8.6563e-06  -1.8069e-07  0.0  0.0
1630.0  -0.23947  0.052465  0.0  0.0  -0.01659  0.10759  -0.0076116  0.0069939  0.0  0.0  0.0  0.0  -0.057077  0.0282  -0.039252  -0.055608  0.0  0.0  0.0  0.0  0.0033107  0.0032962  0.0007759  3.8421e-05  0.0  0.0  0.0  0.0  0.00019837  1.5306e-05  -0.00046837  -8.7349e-06  0.0  0.0  0.0  0.0  -9.8265e-06  -2.2056e-07  0.0  0.0
1635.0  -0.21498  0.040909  0.0  0.0  -0.018291  0.10898  -0.007354  0.0076377  0.0  0.0  0.0  0.0  -0.058199  0.027667  -0.037259  -0.060907  0.0  0.0  0.0  0.0  0.0034388  0.0039203  0.00083004  4.305e-05  0.0  0.0  0.0  0.0  0.00022033  1.7695e-05  -0.00051077  -1.0018e-05  0.0  0.0  0.0  0.0  -1.1115e-05  -2.6743e-07  0.0  0.0
1640.0  -0.18901  0.033733  0.0  0.0  -0.020038  0.11029  -0.007101  0.0083694  0.0  0.0  0.0  0.0  -0.059273  0.027146  -0.03444  -0.066023  0.0  0.0  0.0  0.0  0.0034874  0.0046204  0.00088604  4.8123e-05  0.0  0.0  0.0  0.0  0.00024403  2.0399e-05  -0.0005555  -1.1462e-05  0.0  0.0  0.0  0.0  -1.2529e-05  -3.2223e-07  0.0  0.0
1645.0  -0.16239  0.031249  0.0  0.0  -0.021837  0.11152  -0.0068685  0.0091999  0.0  0.0  0.0  0.0  -0.0603  0.026636  -0.030813  -0.070771  0.0  0.0  0.0  0.0  0.0034299  0.005384  0.00094391  5.3674e-05  0.0  0.0  0.0  0.0  0.00026959  2.3452e-05  -0.00060263  -1.3084e-05  0.0  0.0  0.0  0.0  -1.4079e-05  -3.86e-07  0.0  0.0
1650.0  -0.13605  0.03356  0.0  0.0  -0.02369  0.11265  -0.0066767  0.010139  0.0  0.0  0.0  0.0  -0.061285  0.026137  -0.026451  -0.074968  0.0  0.0  0.0  0.0  0.0032406  0.0061881  0.0010036  5.9735e-05  0.0  0.0  0.0  0.0  0.0002971  2.6891e-05  -0.0006522  -1.4902e-05  0.0  0.0  0.0  0.0  -1.5773e-05  -4.599e-07  0.0  0.0
1655.0  -0.11094  0.040524  0.0  0.0  -0.025603  0.1137  -0.0065512  0.011193  0.0  0.0  0.0  0.0  -0.062229  0.025651  -0.02148  -0.078455  0.0  0.0  0.0  0.0  0.0029009  0.0069984  0.0010652  6.6342e-05  0.0  0.0  0.0  0.0  0.00032666  3.0756e-05  -0.00070426  -1.6938e-05  0.0  0.0  0.0  0.0  -1.762e-05  -5.4519e-07  0.0  0.0
1660.0  -0.087943  0.051762  0.0  0.0  -0.02758  0.11466  -0.0065228  0.012364  0.0  0.0  0.0  0.0  -0.063134  0.025178  -0.016071  -0.081114  0.0  0.0  0.0  0.0  0.002404  0.0077718  0.0011286  7.3531e-05  0.0  0.0  0.0  0.0  0.00035837  3.509e-05  -0.00075886  -1.9215e-05  0.0  0.0  0.0  0.0  -1.9632e-05  -6.4327e-07  0.0  0.0
1665.0  -0.067786  0.066684  0.0  0.0  -0.029627  0.11552  -0.0066277  0.013648  0.0  0.0  0.0  0.0  -0.064004  0.024719  -0.01042  -0.082882  0.0  0.0  0.0  0.0  0.0017599  0.0084625  0.0011939  8.1339e-05  0.0  0.0  0.0  0.0  0.00039235  3.9941e-05  -0.00081607  -2.1756e-05  0.0  0.0  0.0  0.0  -2.1818e-05  -7.557e-07  0.0  0.0
1670.0  -0.050922  0.084525  0.0  0.0  -0.031755  0.11628  -0.0069054  0.015029  0.0  0.0  0.0  0.0  -0.064841  0.024274  -0.0047253  -0.083757  0.0  0.0  0.0  0.0  0.00099613  0.0090297  0.0012609  8.9803e-05  0.0  0.0  0.0  0.0  0.00042871  4.5358e-05  -0.00087592  -2.4587e-05  0.0  0.0  0.0  0.0  -2.4189e-05  -8.8419e-07  0.0  0.0
1675.0  -0.037194  0.10448  0.0  0.0  -0.033977  0.11691  -0.007396  0.016479  0.0  0.0  0.0  0.0  -0.065646  0.023845  0.00082844  -0.08379  0.0  0.0  0.0  0.0  0.00015337  0.0094458  0.0013298  9.8959e-05  0.0  0.0  0.0  0.0  0.00046755  5.1394e-05  -0.00093848  -2.7736e-05  0.0  0.0  0.0  0.0  -2.6756e-05  -1.0306e-06  0.0  0.0
1680.0  -0.024909  0.12689  0.0  0.0  -0.0363  0.11743  -0.0081352  0.017955  0.0  0.0  0.0  0.0  -0.066423  0.023432  0.0060909  -0.083074  0.0  0.0  0.0  0.0  -0.0007215  0.0097004  0.0014005  0.00010884  0.0  0.0  0.0  0.0  0.00050901  5.811e-05  -0.0010038  -3.1233e-05  0.0  0.0  0.0  0.0  -2.9532e-05  -1.1971e-06  0.0  0.0
1685.0  -0.013558  0.1604  0.0  0.0  -0.038782  0.11783  -0.0091517  0.019405  0.0  0.0  0.0  0.0  -0.067174  0.023036  0.010952  -0.081731  0.0  0.0  0.0  0.0  -0.001584  0.0098004  0.0014729  0.00011949  0.0  0.0  0.0  0.0  0.0005532  6.5565e-05  -0.0010719  -3.5107e-05  0.0  0.0  0.0  0.0  -3.2528e-05  -1.3858e-06  0.0  0.0
1690.0  -0.044521  0.20519  0.0  0.0  -0.041643  0.11793  -0.010468  0.020747  0.0  0.0  0.0  0.0  -0.067903  0.022658  0.015342  -0.079889  0.0  0.0  0.0  0.0  -0.0023983  0.009766  0.001547  0.00013093  0.0  0.0  0.0  0.0  0.00060025  7.3829e-05  -0.0011428  -3.9391e-05  0.0  0.0  0.0  0.0  -3.5756e-05  -1.5994e-06  0.0  0.0
1695.0  -0.068354  0.2009  0.0  0.0  -0.044493  0.11734  -0.012047  0.021888  0.0  0.0  0.0  0.0  -0.068611  0.022297  0.019232  -0.077675  0.0  0.0  0.0  0.0  -0.0031406  0.0096245  0.0016229  0.0001432  0.0  0.0  0.0  0.0  0.00065029  8.2972e-05  -0.0012167  -4.4118e-05  0.0  0.0  0.0  0.0  -3.9231e-05  -1.8406e-06  0.0  0.0
1700.0  -0.075582  0.19868  0.0  0.0  -0.047057  0.11634  -0.013837  0.022777  0.0  0.0  0.0  0.0  -0.069302  0.021952  0.022619  -0.075206  0.0  0.0  0.0  0.0  -0.0037987  0.0094048  0.0017005  0.00015633  0.0  0.0  0.0  0.0  0.00070346  9.3073e-05  -0.0012935  -4.9324e-05  0.0  0.0  0.0  0.0  -4.2966e-05  -2.1124e-06  0.0  0.0
1705.0  -0.079262  0.20009  0.0  0.0  -0.049351  0.11505  -0.015782  0.023366  0.0  0.0  0.0  0.0  -0.069978  0.021624  0.025523  -0.072579  0.0  0.0  0.0  0.0  -0.0043695  0.0091335  0.0017798  0.00017034  0.0  0.0  0.0  0.0  0.00075989  0.00010421  -0.0013733  -5.5044e-05  0.0  0.0  0.0  0.0  -4.6974e-05  -2.4183e-06  0.0  0.0
1710.0  -0.082123  0.20322  0.0  0.0  -0.051342  0.11352  -0.017808  0.023623  0.0  0.0  0.0  0.0  -0.07064  0.021311  0.027981  -0.069875  0.0  0.0  0.0  0.0  -0.0048568  0.0088327  0.0018608  0.00018528  0.0  0.0  0.0  0.0  0.00081973  0.00011648  -0.0014561  -6.1315e-05  0.0  0.0  0.0  0.0  -5.127e-05  -2.7617e-06  0.0  0.0
1715.0  -0.084992  0.20723  0.0  0.0  -0.053006  0.11183  -0.019835  0.023543  0.0  0.0  0.0  0.0  -0.07129  0.021014  0.030033  -0.067157  0.0  0.0  0.0  0.0  -0.005268  0.0085197  0.0019435  0.00020115  0.0  0.0  0.0  0.0  0.00088312  0.00012998  -0.0015421  -6.8177e-05  0.0  0.0  0.0  0.0  -5.587e-05  -3.1467e-06  0.0  0.0
1720.0  -0.088233  0.21163  0.0  0.0  -0.054339  0.11005  -0.021789  0.023144  0.0  0.0  0.0  0.0  -0.071932  0.02073  0.031726  -0.06447  0.0  0.0  0.0  0.0  -0.0056125  0.008207  0.0020277  0.000218  0.0  0.0  0.0  0.0  0.00095023  0.00014481  -0.0016312  -7.567e-05  0.0  0.0  0.0  0.0  -6.0788e-05  -3.5777e-06  0.0  0.0
1725.0  -0.091976  0.21601  0.0  0.0  -0.055353  0.10826  -0.023607  0.022465  0.0  0.0  0.0  0.0  -0.072564  0.02046  0.033102  -0.061848  0.0  0.0  0.0  0.0  -0.0058997  0.007903  0.0021137  0.00023584  0.0  0.0  0.0  0.0  0.0010212  0.00016109  -0.0017234  -8.3835e-05  0.0  0.0  0.0  0.0  -6.6042e-05  -4.0595e-06  0.0  0.0
1730.0  -0.096208  0.22013  0.0  0.0  -0.056075  0.10649  -0.025246  0.021554  0.0  0.0  0.0  0.0  -0.073191  0.020201  0.034205  -0.059315  0.0  0.0  0.0  0.0  -0.0061388  0.0076134  0.0022012  0.00025472  0.0  0.0  0.0  0.0  0.0010962  0.00017893  -0.001819  -9.2718e-05  0.0  0.0  0.0  0.0  -7.1647e-05  -4.5973e-06  0.0  0.0
1735.0  -0.10084  0.22379  0.0  0.0  -0.056534  0.10481  -0.026681  0.020466  0.0  0.0  0.0  0.0  -0.073812  0.019954  0.035073  -0.056884  0.0  0.0  0.0  0.0  -0.0063381  0.0073412  0.0022904  0.00027465  0.0  0.0  0.0  0.0  0.0011754  0.00019848  -0.0019178  -0.00010236  0.0  0.0  0.0  0.0  -7.7621e-05  -5.1968e-06  0.0  0.0
1740.0  -0.10577  0.22692  0.0  0.0  -0.056768  0.10323  -0.0279  0.019252  0.0  0.0  0.0  0.0  -0.074429  0.019717  0.03574  -0.054563  0.0  0.0  0.0  0.0  -0.0065046  0.0070881  0.0023813  0.00029567  0.0  0.0  0.0  0.0  0.001259  0.00021987  -0.00202  -0.00011283  0.0  0.0  0.0  0.0  -8.3981e-05  -5.8643e-06  0.0  0.0
1745.0  -0.11086  0.22945  0.0  0.0  -0.056814  0.10179  -0.028906  0.01796  0.0  0.0  0.0  0.0  -0.075042  0.019489  0.036236  -0.052357  0.0  0.0  0.0  0.0  -0.0066444  0.0068544  0.0024737  0.00031783  0.0  0.0  0.0  0.0  0.0013471  0.00024327  -0.0021257  -0.00012416  0.0  0.0  0.0  0.0  -9.0746e-05  -6.6066e-06  0.0  0.0
1750.0  -0.11602  0.2314  0.0  0.0  -0.056709  0.1005  -0.02971  0.016628  0.0  0.0  0.0  0.0  -0.075653  0.019269  0.036588  -0.050267  0.0  0.0  0.0  0.0  -0.0067628  0.0066399  0.0025679  0.00034117  0.0  0.0  0.0  0.0  0.0014399  0.00026885  -0.0022348  -0.00013641  0.0  0.0  0.0  0.0  -9.7934e-05  -7.4312e-06  0.0  0.0
1755.0  -0.12116  0.23279  0.0  0.0  -0.05649  0.099376  -0.030329  0.015287  0.0  0.0  0.0  0.0  -0.076262  0.019057  0.036818  -0.048289  0.0  0.0  0.0  0.0  -0.0068639  0.0064439  0.0026637  0.00036574  0.0  0.0  0.0  0.0  0.0015376  0.00029679  -0.0023475  -0.00014965  0.0  0.0  0.0  0.0  -0.00010556  -8.3461e-06  0.0  0.0
1760.0  -0.1262  0.23366  0.0  0.0  -0.056191  0.098409  -0.030781  0.01396  0.0  0.0  0.0  0.0  -0.076871  0.018851  0.036946  -0.046421  0.0  0.0  0.0  0.0  -0.0069512  0.0062652  0.0027611  0.0003916  0.0  0.0  0.0  0.0  0.0016404  0.0003273  -0.0024639  -0.00016396  0.0  0.0  0.0  0.0  -0.00011366  -9.3603e-06  0.0  0.0
1765.0  -0.13109  0.23406  0.0  0.0  -0.055844  0.0976  -0.031085  0.012665  0.0  0.0  0.0  0.0  -0.077479  0.01865  0.036989  -0.044659  0.0  0.0  0.0  0.0  -0.0070276  0.0061026  0.0028603  0.00041884  0.0  0.0  0.0  0.0  0.0017484  0.0003606  -0.002584  -0.00017939  0.0  0.0  0.0  0.0  -0.00012223  -1.0483e-05  0.0  0.0
1770.0  -0.13579  0.23405  0.0  0.0  -0.055477  0.096942  -0.03126  0.011414  0.0  0.0  0.0  0.0  -0.078088  0.018453  0.036962  -0.042997  0.0  0.0  0.0  0.0  -0.0070953  0.005955  0.0029612  0.00044751  0.0  0.0  0.0  0.0  0.0018619  0.00039691  -0.0027078  -0.00019605  0.0  0.0  0.0  0.0  -0.00013131  -1.1726e-05  0.0  0.0
1775.0  -0.14028  0.23368  0.0  0.0  -0.055115  0.096422  -0.031323  0.010215  0.0  0.0  0.0  0.0  -0.078698  0.018259  0.036878  -0.04143  0.0  0.0  0.0  0.0  -0.0071564  0.005821  0.0030638  0.00047773  0.0  0.0  0.0  0.0  0.0019809  0.0004365  -0.0028355  -0.00021402  0.0  0.0  0.0  0.0  -0.00014091  -1.3098e-05  0.0  0.0
1780.0  -0.14454  0.23298  0.0  0.0  -0.054778  0.096026  -0.031289  0.0090724  0.0  0.0  0.0  0.0  -0.07931  0.018067  0.036745  -0.039953  0.0  0.0  0.0  0.0  -0.0072124  0.0056995  0.0031682  0.00050958  0.0  0.0  0.0  0.0  0.0021057  0.00047963  -0.0029672  -0.0002334  0.0  0.0  0.0  0.0  -0.00015106  -1.4614e-05  0.0  0.0
1785.0  -0.14856  0.23202  0.0  0.0  -0.054485  0.095736  -0.031172  0.0079892  0.0  0.0  0.0  0.0  -0.079924  0.017876  0.036575  -0.038559  0.0  0.0  0.0  0.0  -0.0072644  0.0055892  0.0032742  0.00054318  0.0  0.0  0.0  0.0  0.0022365  0.00052661  -0.0031029  -0.0002543  0.0  0.0  0.0  0.0  -0.00016177  -1.6285e-05  0.0  0.0
1790.0  -0.15235  0.23083  0.0  0.0  -0.054247  0.095534  -0.030985  0.0069664  0.0  0.0  0.0  0.0  -0.080539  0.017685  0.036376  -0.037244  0.0  0.0  0.0  0.0  -0.0073135  0.0054891  0.003382  0.00057865  0.0  0.0  0.0  0.0  0.0023734  0.00057774  -0.0032427  -0.00027685  0.0  0.0  0.0  0.0  -0.00017307  -1.8127e-05  0.0  0.0
1795.0  -0.1559  0.22945  0.0  0.0  -0.054072  0.0954  -0.030739  0.0060036  0.0  0.0  0.0  0.0  -0.081158  0.017491  0.036152  -0.036001  0.0  0.0  0.0  0.0  -0.0073605  0.0053981  0.0034915  0.00061611  0.0  0.0  0.0  0.0  0.0025165  0.00063335  -0.0033867  -0.00030117  0.0  0.0  0.0  0.0  -0.00018498  -2.0154e-05  0.0  0.0
1800.0  -0.15921  0.2279  0.0  0.0  -0.053965  0.095317  -0.030441  0.0051001  0.0  0.0  0.0  0.0  -0.081778  0.017295  0.035911  -0.034826  0.0  0.0  0.0  0.0  -0.0074059  0.0053154  0.0036027  0.00065571  0.0  0.0  0.0  0.0  0.0026661  0.00069382  -0.0035349  -0.00032742  0.0  0.0  0.0  0.0  -0.00019753  -2.2383e-05  0.0  0.0
1805.0  -0.1623  0.22623  0.0  0.0  -0.053923  0.095266  -0.030102  0.0042541  0.0  0.0  0.0  0.0  -0.082401  0.017094  0.035656  -0.033714  0.0  0.0  0.0  0.0  -0.0074503  0.00524  0.0037154  0.00069758  0.0  0.0  0.0  0.0  0.0028222  0.00075951  -0.0036875  -0.00035575  0.0  0.0  0.0  0.0  -0.00021074  -2.483e-05  0.0  0.0
1810.0  -0.16518  0.22444  0.0  0.0  -0.053946  0.095232  -0.029726  0.003464  0.0  0.0  0.0  0.0  -0.083026  0.016887  0.035393  -0.032659  0.0  0.0  0.0  0.0  -0.007494  0.0051713  0.0038298  0.00074188  0.0  0.0  0.0  0.0  0.002985  0.00083082  -0.0038445  -0.00038631  0.0  0.0  0.0  0.0  -0.00022462  -2.7515e-05  0.0  0.0
1815.0  -0.16785  0.22256  0.0  0.0  -0.054026  0.095202  -0.029321  0.0027276  0.0  0.0  0.0  0.0  -0.083653  0.016673  0.035124  -0.031659  0.0  0.0  0.0  0.0  -0.0075372  0.0051084  0.0039457  0.00078876  0.0  0.0  0.0  0.0  0.0031546  0.00090818  -0.0040059  -0.0004193  0.0  0.0  0.0  0.0  -0.00023922  -3.0458e-05  0.0  0.0
1820.0  -0.17033  0.22061  0.0  0.0  -0.054157  0.095166  -0.028892  0.0020429  0.0  0.0  0.0  0.0  -0.08428  0.016452  0.034851  -0.030707  0.0  0.0  0.0  0.0  -0.0075803  0.0050508  0.004063  0.00083838  0.0  0.0  0.0  0.0  0.003331  0.00099203  -0.0041719  -0.00045489  0.0  0.0  0.0  0.0  -0.00025453  -3.3679e-05  0.0  0.0
1825.0  -0.17263  0.2186  0.0  0.0  -0.05433  0.095117  -0.028443  0.001408  0.0  0.0  0.0  0.0  -0.084909  0.016222  0.034579  -0.029801  0.0  0.0  0.0  0.0  -0.0076233  0.0049979  0.0041817  0.00089087  0.0  0.0  0.0  0.0  0.0035144  0.0010828  -0.0043425  -0.0004933  0.0  0.0  0.0  0.0  -0.0002706  -3.7201e-05  0.0  0.0
1830.0  -0.17475  0.21655  0.0  0.0  -0.054539  0.095049  -0.027978  0.00082082  0.0  0.0  0.0  0.0  -0.085537  0.015982  0.034308  -0.028938  0.0  0.0  0.0  0.0  -0.0076663  0.0049492  0.0043015  0.0009464  0.0  0.0  0.0  0.0  0.0037049  0.0011811  -0.0045176  -0.00053473  0.0  0.0  0.0  0.0  -0.00028745  -4.1046e-05  0.0  0.0
1835.0  -0.17671  0.21446  0.0  0.0  -0.054774  0.094959  -0.027501  0.00027947  0.0  0.0  0.0  0.0  -0.086164  0.015731  0.034039  -0.028113  0.0  0.0  0.0  0.0  -0.0077095  0.0049044  0.0044224  0.0010051  0.0  0.0  0.0  0.0  0.0039024  0.0012873  -0.0046974  -0.00057939  0.0  0.0  0.0  0.0  -0.0003051  -4.5241e-05  0.0  0.0
1840.0  -0.17851  0.21234  0.0  0.0  -0.05503  0.094846  -0.027014  -0.00021793  0.0  0.0  0.0  0.0  -0.08679  0.015468  0.033776  -0.027324  0.0  0.0  0.0  0.0  -0.0077527  0.004863  0.0045443  0.0010671  0.0  0.0  0.0  0.0  0.004107  0.0014019  -0.0048819  -0.00062752  0.0  0.0  0.0  0.0  -0.00032358  -4.981e-05  0.0  0.0
1845.0  -0.18016  0.21021  0.0  0.0  -0.055299  0.094711  -0.026523  -0.00067322  0.0  0.0  0.0  0.0  -0.087413  0.015193  0.033517  -0.026569  0.0  0.0  0.0  0.0  -0.0077961  0.0048247  0.0046668  0.0011326  0.0  0.0  0.0  0.0  0.0043187  0.0015256  -0.0050711  -0.00067936  0.0  0.0  0.0  0.0  -0.0003429  -5.4782e-05  0.0  0.0
1850.0  -0.18168  0.20806  0.0  0.0  -0.055578  0.094554  -0.026028  -0.0010882  0.0  0.0  0.0  0.0  -0.088032  0.014905  0.033266  -0.025844  0.0  0.0  0.0  0.0  -0.0078397  0.0047893  0.00479  0.0012016  0.0  0.0  0.0  0.0  0.0045376  0.0016588  -0.0052649  -0.00073515  0.0  0.0  0.0  0.0  -0.0003631  -6.0183e-05  0.0  0.0
1855.0  -0.18305  0.20589  0.0  0.0  -0.055863  0.094376  -0.025533  -0.0014649  0.0  0.0  0.0  0.0  -0.088646  0.014604  0.033022  -0.025148  0.0  0.0  0.0  0.0  -0.0078836  0.0047566  0.0049135  0.0012742  0.0  0.0  0.0  0.0  0.0047635  0.0018021  -0.0054635  -0.00079513  0.0  0.0  0.0  0.0  -0.00038421  -6.6046e-05  0.0  0.0
1860.0  -0.1843  0.20373  0.0  0.0  -0.056151  0.094181  -0.02504  -0.0018051  0.0  0.0  0.0  0.0  -0.089253  0.014288  0.032786  -0.024478  0.0  0.0  0.0  0.0  -0.0079276  0.0047262  0.0050372  0.0013506  0.0  0.0  0.0  0.0  0.0049964  0.0019562  -0.0056666  -0.00085957  0.0  0.0  0.0  0.0  -0.00040624  -7.24e-05  0.0  0.0
1865.0  -0.18542  0.20156  0.0  0.0  -0.056441  0.093968  -0.024553  -0.0021109  0.0  0.0  0.0  0.0  -0.089854  0.013959  0.032559  -0.023831  0.0  0.0  0.0  0.0  -0.007972  0.0046981  0.0051609  0.0014307  0.0  0.0  0.0  0.0  0.0052363  0.0021216  -0.0058744  -0.00092872  0.0  0.0  0.0  0.0  -0.00042922  -7.9279e-05  0.0  0.0
1870.0  -0.18642  0.19941  0.0  0.0  -0.05673  0.09374  -0.024072  -0.0023845  0.0  0.0  0.0  0.0  -0.090445  0.013616  0.032341  -0.023208  0.0  0.0  0.0  0.0  -0.0080167  0.0046721  0.0052843  0.0015147  0.0  0.0  0.0  0.0  0.0054831  0.0022989  -0.0060867  -0.0010028  0.0  0.0  0.0  0.0  -0.00045319  -8.6718e-05  0.0  0.0
1875.0  -0.1873  0.19726  0.0  0.0  -0.05702  0.093498  -0.0236  -0.002628  0.0  0.0  0.0  0.0  -0.091026  0.013259  0.032132  -0.022604  0.0  0.0  0.0  0.0  -0.0080618  0.004648  0.0054073  0.0016025  0.0  0.0  0.0  0.0  0.0057366  0.0024889  -0.0063035  -0.0010822  0.0  0.0  0.0  0.0  -0.00047816  -9.4754e-05  0.0  0.0
1880.0  -0.18807  0.19513  0.0  0.0  -0.05731  0.093243  -0.023138  -0.0028439  0.0  0.0  0.0  0.0  -0.091597  0.012888  0.031934  -0.022019  0.0  0.0  0.0  0.0  -0.0081072  0.0046256  0.0055296  0.0016941  0.0  0.0  0.0  0.0  0.0059969  0.0026921  -0.0065247  -0.0011671  0.0  0.0  0.0  0.0  -0.00050418  -0.00010342  0.0  0.0
1885.0  -0.18872  0.19302  0.0  0.0  -0.0576  0.092974  -0.022689  -0.0030344  0.0  0.0  0.0  0.0  -0.092154  0.012504  0.031747  -0.021451  0.0  0.0  0.0  0.0  -0.0081532  0.0046049  0.005651  0.0017896  0.0  0.0  0.0  0.0  0.0062636  0.0029095  -0.0067503  -0.0012578  0.0  0.0  0.0  0.0  -0.00053125  -0.00011277  0.0  0.0
1890.0  -0.18928  0.19093  0.0  0.0  -0.057889  0.092691  -0.022253  -0.003202  0.0  0.0  0.0  0.0  -0.092698  0.012106  0.03157  -0.020899  0.0  0.0  0.0  0.0  -0.0081997  0.0045857  0.0057714  0.001889  0.0  0.0  0.0  0.0  0.0065367  0.0031416  -0.0069802  -0.0013546  0.0  0.0  0.0  0.0  -0.00055943  -0.00012284  0.0  0.0
1895.0  -0.18973  0.18888  0.0  0.0  -0.058179  0.092394  -0.02183  -0.0033492  0.0  0.0  0.0  0.0  -0.093227  0.011697  0.031404  -0.02036  0.0  0.0  0.0  0.0  -0.0082467  0.0045679  0.0058906  0.0019921  0.0  0.0  0.0  0.0  0.006816  0.0033892  -0.0072143  -0.0014577  0.0  0.0  0.0  0.0  -0.00058873  -0.00013367  0.0  0.0
1900.0  -0.19009  0.18686  0.0  0.0  -0.058467  0.092082  -0.021423  -0.0034783  0.0  0.0  0.0  0.0  -0.093739  0.011277  0.031249  -0.019834  0.0  0.0  0.0  0.0  -0.0082944  0.0045513  0.0060082  0.002099  0.0  0.0  0.0  0.0  0.0071012  0.0036533  -0.0074524  -0.0015675  0.0  0.0  0.0  0.0  -0.00061918  -0.00014533  0.0  0.0
1905.0  -0.19036  0.18488  0.0  0.0  -0.058755  0.091755  -0.02103  -0.0035918  0.0  0.0  0.0  0.0  -0.094233  0.010846  0.031104  -0.01932  0.0  0.0  0.0  0.0  -0.0083428  0.0045358  0.0061243  0.0022095  0.0  0.0  0.0  0.0  0.007392  0.0039348  -0.0076944  -0.0016842  0.0  0.0  0.0  0.0  -0.00065081  -0.00015785  0.0  0.0
1910.0  -0.19054  0.18295  0.0  0.0  -0.059039  0.091411  -0.020653  -0.0036919  0.0  0.0  0.0  0.0  -0.094708  0.010406  0.030971  -0.018815  0.0  0.0  0.0  0.0  -0.0083918  0.0045213  0.0062386  0.0023238  0.0  0.0  0.0  0.0  0.007688  0.0042344  -0.0079403  -0.0018082  0.0  0.0  0.0  0.0  -0.00068366  -0.00017129  0.0  0.0
1915.0  -0.19065  0.18106  0.0  0.0  -0.059321  0.091049  -0.020291  -0.0037806  0.0  0.0  0.0  0.0  -0.095163  0.0099576  0.030848  -0.018318  0.0  0.0  0.0  0.0  -0.0084416  0.0045077  0.0063509  0.0024416  0.0  0.0  0.0  0.0  0.0079889  0.0045534  -0.0081898  -0.0019397  0.0  0.0  0.0  0.0  -0.00071774  -0.00018573  0.0  0.0
1920.0  -0.19069  0.17923  0.0  0.0  -0.059596  0.09067  -0.019943  -0.0038599  0.0  0.0  0.0  0.0  -0.095597  0.0095035  0.030736  -0.017829  0.0  0.0  0.0  0.0  -0.0084922  0.0044947  0.0064611  0.0025629  0.0  0.0  0.0  0.0  0.0082941  0.0048926  -0.0084428  -0.0020792  0.0  0.0  0.0  0.0  -0.0007531  -0.00020121  0.0  0.0
1925.0  -0.19066  0.17745  0.0  0.0  -0.059865  0.090273  -0.019609  -0.0039315  0.0  0.0  0.0  0.0  -0.096008  0.0090451  0.030634  -0.017345  0.0  0.0  0.0  0.0  -0.0085435  0.0044824  0.006569  0.0026877  0.0  0.0  0.0  0.0  0.008603  0.0052532  -0.0086991  -0.0022268  0.0  0.0  0.0  0.0  -0.00078975  -0.00021782  0.0  0.0
1930.0  -0.19057  0.17573  0.0  0.0  -0.060124  0.089859  -0.019288  -0.0039968  0.0  0.0  0.0  0.0  -0.096397  0.0085844  0.030543  -0.016867  0.0  0.0  0.0  0.0  -0.0085957  0.0044707  0.0066745  0.0028158  0.0  0.0  0.0  0.0  0.0089148  0.0056362  -0.0089585  -0.002383  0.0  0.0  0.0  0.0  -0.00082772  -0.00023562  0.0  0.0
1935.0  -0.19043  0.17407  0.0  0.0  -0.060372  0.089427  -0.01898  -0.0040572  0.0  0.0  0.0  0.0  -0.096763  0.0081236  0.030462  -0.016392  0.0  0.0  0.0  0.0  -0.0086486  0.0044593  0.0067773  0.0029472  0.0  0.0  0.0  0.0  0.0092287  0.0060428  -0.0092208  -0.0025481  0.0  0.0  0.0  0.0  -0.00086702  -0.00025469  0.0  0.0
1940.0  -0.19026  0.17246  0.0  0.0  -0.060606  0.08898  -0.018684  -0.0041137  0.0  0.0  0.0  0.0  -0.097105  0.007665  0.03039  -0.01592  0.0  0.0  0.0  0.0  -0.0087023  0.0044483  0.0068775  0.0030818  0.0  0.0  0.0  0.0  0.0095437  0.0064741  -0.0094858  -0.0027223  0.0  0.0  0.0  0.0  -0.00090769  -0.00027512  0.0  0.0
1945.0  -0.19004  0.17091  0.0  0.0  -0.060825  0.088518  -0.018398  -0.0041672  0.0  0.0  0.0  0.0  -0.097424  0.007211  0.030328  -0.01545  0.0  0.0  0.0  0.0  -0.0087568  0.0044375  0.0069748  0.0032195  0.0  0.0  0.0  0.0  0.0098586  0.0069312  -0.0097532  -0.0029061  0.0  0.0  0.0  0.0  -0.00094972  -0.00029698  0.0  0.0
1950.0  -0.1898  0.16942  0.0  0.0  -0.061027  0.088043  -0.018123  -0.0042183  0.0  0.0  0.0  0.0  -0.09772  0.0067639  0.030275  -0.01498  0.0  0.0  0.0  0.0  -0.0088121  0.0044269  0.0070691  0.0033601  0.0  0.0  0.0  0.0  0.010172  0.0074153  -0.010023  -0.0030996  0.0  0.0  0.0  0.0  -0.00099315  -0.00032038  0.0  0.0
1955.0  -0.18953  0.16798  0.0  0.0  -0.061212  0.087558  -0.017856  -0.0042675  0.0  0.0  0.0  0.0  -0.097995  0.0063262  0.03023  -0.01451  0.0  0.0  0.0  0.0  -0.0088682  0.0044165  0.0071603  0.0035035  0.0  0.0  0.0  0.0  0.010483  0.0079273  -0.010294  -0.0033034  0.0  0.0  0.0  0.0  -0.001038  -0.0003454  0.0  0.0
1960.0  -0.18925  0.16659  0.0  0.0  -0.061377  0.087064  -0.017598  -0.0043151  0.0  0.0  0.0  0.0  -0.09825  0.0059001  0.030193  -0.014038  0.0  0.0  0.0  0.0  -0.0089251  0.0044061  0.0072483  0.0036497  0.0  0.0  0.0  0.0  0.010789  0.0084682  -0.010567  -0.0035177  0.0  0.0  0.0  0.0  -0.0010842  -0.00037215  0.0  0.0
1965.0  -0.18896  0.16525  0.0  0.0  -0.061522  0.086566  -0.017348  -0.0043613  0.0  0.0  0.0  0.0  -0.098486  0.0054877  0.030164  -0.013564  0.0  0.0  0.0  0.0  -0.0089828  0.0043957  0.007333  0.0037984  0.0  0.0  0.0  0.0  0.011088  0.0090389  -0.010842  -0.0037429  0.0  0.0  0.0  0.0  -0.0011318  -0.00040072  0.0  0.0
1970.0  -0.18866  0.16396  0.0  0.0  -0.061648  0.086064  -0.017106  -0.0044063  0.0  0.0  0.0  0.0  -0.098706  0.0050908  0.030142  -0.013086  0.0  0.0  0.0  0.0  -0.0090414  0.0043854  0.0074143  0.0039496  0.0  0.0  0.0  0.0  0.01138  0.0096401  -0.011117  -0.0039792  0.0  0.0  0.0  0.0  -0.0011808  -0.00043123  0.0  0.0
1975.0  -0.18836  0.1627  0.0  0.0  -0.061755  0.085562  -0.01687  -0.0044501  0.0  0.0  0.0  0.0  -0.098911  0.0047108  0.030125  -0.012604  0.0  0.0  0.0  0.0  -0.0091008  0.0043749  0.0074922  0.0041031  0.0  0.0  0.0  0.0  0.011661  0.010273  -0.011393  -0.0042272  0.0  0.0  0.0  0.0  -0.0012312  -0.00046379  0.0  0.0
1980.0  -0.18806  0.16148  0.0  0.0  -0.061843  0.085062  -0.016641  -0.0044927  0.0  0.0  0.0  0.0  -0.099105  0.004349  0.030114  -0.012117  0.0  0.0  0.0  0.0  -0.0091612  0.0043643  0.0075667  0.0042587  0.0  0.0  0.0  0.0  0.01193  0.010937  -0.01167  -0.0044871  0.0  0.0  0.0  0.0  -0.001283  -0.00049852  0.0  0.0
1985.0  -0.18776  0.16029  0.0  0.0  -0.061914  0.084566  -0.016418  -0.0045343  0.0  0.0  0.0  0.0  -0.09929  0.0040059  0.030108  -0.011623  0.0  0.0  0.0  0.0  -0.0092224  0.0043536  0.0076377  0.0044165  0.0  0.0  0.0  0.0  0.012183  0.011633  -0.011946  -0.0047593  0.0  0.0  0.0  0.0  -0.0013361  -0.00053553  0.0  0.0
1990.0  -0.18746  0.15913  0.0  0.0  -0.061969  0.084077  -0.016201  -0.0045748  0.0  0.0  0.0  0.0  -0.099469  0.003682  0.030106  -0.011123  0.0  0.0  0.0  0.0  -0.0092847  0.0043426  0.0077053  0.0045762  0.0  0.0  0.0  0.0  0.012419  0.012362  -0.012223  -0.0050443  0.0  0.0  0.0  0.0  -0.0013905  -0.00057496  0.0  0.0
1995.0  -0.18716  0.15799  0.0  0.0  -0.06201  0.083596  -0.015991  -0.0046143  0.0  0.0  0.0  0.0  -0.099646  0.0033767  0.030106  -0.010616  0.0  0.0  0.0  0.0  -0.0093479  0.0043313  0.0077695  0.004738  0.0  0.0  0.0  0.0  0.012635  0.013123  -0.012498  -0.0053426  0.0  0.0  0.0  0.0  -0.0014462  -0.00061694  0.0  0.0
2000.0  -0.18687  0.15687  0.0  0.0  -0.062039  0.083125  -0.015786  -0.0046528  0.0  0.0  0.0  0.0  -0.099823  0.0030894  0.030108  -0.010101  0.0  0.0  0.0  0.0  -0.0094123  0.0043197  0.0078303  0.0049016  0.0  0.0  0.0  0.0  0.012828  0.013916  -0.012773  -0.0056546  0.0  0.0  0.0  0.0  -0.0015031  -0.00066161  0.0  0.0
2005.0  -0.18658  0.15576  0.0  0.0  -0.062059  0.082664  -0.015587  -0.0046905  0.0  0.0  0.0  0.0  -0.1  0.0028187  0.030112  -0.0095771  0.0  0.0  0.0  0.0  -0.0094778  0.0043076  0.0078877  0.0050671  0.0  0.0  0.0  0.0  0.012995  0.014741  -0.013046  -0.005981  0.0  0.0  0.0  0.0  -0.0015613  -0.00070911  0.0  0.0
2010.0  -0.1863  0.15467  0.0  0.0  -0.062071  0.082213  -0.015394  -0.0047275  0.0  0.0  0.0  0.0  -0.10019  0.002563  0.030115  -0.0090445  0.0  0.0  0.0  0.0  -0.0095444  0.0042949  0.0079418  0.0052345  0.0  0.0  0.0  0.0  0.013133  0.015597  -0.013316  -0.0063223  0.0  0.0  0.0  0.0  -0.0016205  -0.0007596  0.0  0.0
2015.0  -0.18601  0.15359  0.0  0.0  -0.062078  0.081774  -0.015206  -0.0047639  0.0  0.0  0.0  0.0  -0.10038  0.0023198  0.030118  -0.0085026  0.0  0.0  0.0  0.0  -0.0096123  0.0042816  0.0079925  0.0054039  0.0  0.0  0.0  0.0  0.01324  0.016483  -0.013584  -0.0066793  0.0  0.0  0.0  0.0  -0.0016809  -0.00081323  0.0  0.0
2020.0  -0.18573  0.15252  0.0  0.0  -0.062081  0.081345  -0.015025  -0.0048001  0.0  0.0  0.0  0.0  -0.10058  0.0020865  0.030119  -0.0079511  0.0  0.0  0.0  0.0  -0.0096814  0.0042675  0.0080397  0.0055755  0.0  0.0  0.0  0.0  0.013311  0.017397  -0.013849  -0.0070525  0.0  0.0  0.0  0.0  -0.0017421  -0.00087017  0.0  0.0
2025.0  -0.18544  0.15145  0.0  0.0  -0.062083  0.080926  -0.014848  -0.0048361  0.0  0.0  0.0  0.0  -0.1008  0.0018601  0.030116  -0.0073899  0.0  0.0  0.0  0.0  -0.0097519  0.0042525  0.0080835  0.0057491  0.0  0.0  0.0  0.0  0.013344  0.018339  -0.014109  -0.0074428  0.0  0.0  0.0  0.0  -0.0018043  -0.00093057  0.0  0.0
2030.0  -0.18515  0.15039  0.0  0.0  -0.062085  0.080515  -0.014678  -0.0048723  0.0  0.0  0.0  0.0  -0.10103  0.0016374  0.030111  -0.0068188  0.0  0.0  0.0  0.0  -0.0098236  0.0042364  0.0081237  0.0059251  0.0  0.0  0.0  0.0  0.013336  0.019306  -0.014364  -0.0078508  0.0  0.0  0.0  0.0  -0.0018671  -0.00099462  0.0  0.0
2035.0  -0.18485  0.14934  0.0  0.0  -0.062088  0.080112  -0.014512  -0.0049088  0.0  0.0  0.0  0.0  -0.10126  0.0014149  0.0301  -0.0062376  0.0  0.0  0.0  0.0  -0.0098967  0.0042192  0.0081602  0.0061035  0.0  0.0  0.0  0.0  0.013283  0.020296  -0.014613  -0.0082773  0.0  0.0  0.0  0.0  -0.0019306  -0.0010625  0.0  0.0
2040.0  -0.18454  0.14829  0.0  0.0  -0.062094  0.079716  -0.014352  -0.004946  0.0  0.0  0.0  0.0  -0.10152  0.0011891  0.030083  -0.0056463  0.0  0.0  0.0  0.0  -0.009971  0.0042006  0.0081927  0.0062845  0.0  0.0  0.0  0.0  0.013183  0.021305  -0.014853  -0.008723  0.0  0.0  0.0  0.0  -0.0019945  -0.0011343  0.0  0.0
2045.0  -0.18422  0.14725  0.0  0.0  -0.062102  0.079324  -0.014197  -0.004984  0.0  0.0  0.0  0.0  -0.10178  0.00095646  0.03006  -0.0050449  0.0  0.0  0.0  0.0  -0.010047  0.0041806  0.0082211  0.0064681  0.0  0.0  0.0  0.0  0.013033  0.022331  -0.015085  -0.0091886  0.0  0.0  0.0  0.0  -0.0020586  -0.0012104  0.0  0.0
2050.0  -0.18389  0.14621  0.0  0.0  -0.062114  0.078935  -0.014047  -0.0050231  0.0  0.0  0.0  0.0  -0.10205  0.00071379  0.03003  -0.0044334  0.0  0.0  0.0  0.0  -0.010124  0.0041589  0.0082449  0.0066545  0.0  0.0  0.0  0.0  0.01283  0.023371  -0.015305  -0.0096747  0.0  0.0  0.0  0.0  -0.0021228  -0.0012907  0.0  0.0
2055.0  -0.18355  0.14517  0.0  0.0  -0.062129  0.078548  -0.013901  -0.0050634  0.0  0.0  0.0  0.0  -0.10233  0.00045803  0.029991  -0.0038119  0.0  0.0  0.0  0.0  -0.010202  0.0041354  0.0082639  0.0068438  0.0  0.0  0.0  0.0  0.012572  0.024419  -0.015512  -0.010181  0.0  0.0  0.0  0.0  -0.0021868  -0.0013756  0.0  0.0
2060.0  -0.1832  0.14414  0.0  0.0  -0.062147  0.07816  -0.01376  -0.0051053  0.0  0.0  0.0  0.0  -0.10261  0.00018662  0.029943  -0.0031805  0.0  0.0  0.0  0.0  -0.010281  0.0041099  0.0082775  0.0070359  0.0  0.0  0.0  0.0  0.012258  0.025473  -0.015705  -0.010709  0.0  0.0  0.0  0.0  -0.0022503  -0.001465  0.0  0.0
2065.0  -0.18282  0.14313  0.0  0.0  -0.062167  0.077771  -0.013622  -0.0051488  0.0  0.0  0.0  0.0  -0.1029  -0.00010252  0.029885  -0.0025392  0.0  0.0  0.0  0.0  -0.010361  0.0040824  0.0082854  0.0072307  0.0  0.0  0.0  0.0  0.011885  0.026526  -0.015879  -0.011258  0.0  0.0  0.0  0.0  -0.0023132  -0.0015593  0.0  0.0
2070.0  -0.18244  0.14211  0.0  0.0  -0.062189  0.07738  -0.013489  -0.0051943  0.0  0.0  0.0  0.0  -0.10318  -0.00041081  0.029815  -0.0018882  0.0  0.0  0.0  0.0  -0.010442  0.0040527  0.0082871  0.0074283  0.0  0.0  0.0  0.0  0.011453  0.027576  -0.016034  -0.011827  0.0  0.0  0.0  0.0  -0.002375  -0.0016585  0.0  0.0
2075.0  -0.18204  0.14111  0.0  0.0  -0.062211  0.076984  -0.013359  -0.0052418  0.0  0.0  0.0  0.0  -0.10346  -0.00073899  0.029733  -0.0012276  0.0  0.0  0.0  0.0  -0.010524  0.0040206  0.008282  0.0076283  0.0  0.0  0.0  0.0  0.010961  0.028615  -0.016165  -0.012417  0.0  0.0  0.0  0.0  -0.0024354  -0.0017627  0.0  0.0
2080.0  -0.18162  0.14013  0.0  0.0  -0.062232  0.076584  -0.013232  -0.0052916  0.0  0.0  0.0  0.0  -0.10373  -0.001087  0.029639  -0.00055767  0.0  0.0  0.0  0.0  -0.010606  0.0039861  0.0082696  0.0078305  0.0  0.0  0.0  0.0  0.010409  0.02964  -0.016271  -0.013025  0.0  0.0  0.0  0.0  -0.0024942  -0.001872  0.0  0.0
2085.0  -0.18118  0.13915  0.0  0.0  -0.06225  0.076179  -0.013109  -0.0053438  0.0  0.0  0.0  0.0  -0.10398  -0.0014541  0.029531  0.00012152  0.0  0.0  0.0  0.0  -0.010689  0.0039491  0.0082494  0.0080344  0.0  0.0  0.0  0.0  0.0097987  0.030644  -0.016349  -0.01365  0.0  0.0  0.0  0.0  -0.0025508  -0.0019865  0.0  0.0
2090.0  -0.18073  0.13819  0.0  0.0  -0.062264  0.075768  -0.012988  -0.0053986  0.0  0.0  0.0  0.0  -0.10422  -0.0018387  0.029407  0.00080971  0.0  0.0  0.0  0.0  -0.010772  0.0039095  0.0082209  0.0082397  0.0  0.0  0.0  0.0  0.0091301  0.031624  -0.016396  -0.01429  0.0  0.0  0.0  0.0  -0.002605  -0.0021063  0.0  0.0
2095.0  -0.18026  0.13725  0.0  0.0  -0.062271  0.075351  -0.012869  -0.005456  0.0  0.0  0.0  0.0  -0.10444  -0.0022386  0.029267  0.0015066  0.0  0.0  0.0  0.0  -0.010856  0.0038673  0.0081836  0.0084456  0.0  0.0  0.0  0.0  0.0084054  0.032572  -0.01641  -0.014943  0.0  0.0  0.0  0.0  -0.0026562  -0.0022312  0.0  0.0
2100.0  -0.17978  0.13632  0.0  0.0  -0.06227  0.07493  -0.012752  -0.0055162  0.0  0.0  0.0  0.0  -0.10463  -0.0026508  0.02911  0.0022118  0.0  0.0  0.0  0.0  -0.010939  0.0038224  0.0081373  0.0086516  0.0  0.0  0.0  0.0  0.007627  0.033485  -0.016388  -0.015606  0.0  0.0  0.0  0.0  -0.002704  -0.0023612  0.0  0.0
2105.0  -0.17929  0.13542  0.0  0.0  -0.062259  0.074504  -0.012636  -0.0055792  0.0  0.0  0.0  0.0  -0.10479  -0.0030719  0.028935  0.002925  0.0  0.0  0.0  0.0  -0.011022  0.003775  0.0080815  0.0088568  0.0  0.0  0.0  0.0  0.0067978  0.034357  -0.016329  -0.016274  0.0  0.0  0.0  0.0  -0.002748  -0.0024964  0.0  0.0
2110.0  -0.17878  0.13453  0.0  0.0  -0.062237  0.074074  -0.012522  -0.005645  0.0  0.0  0.0  0.0  -0.10493  -0.0034982  0.028739  0.0036453  0.0  0.0  0.0  0.0  -0.011105  0.0037249  0.008016  0.0090604  0.0  0.0  0.0  0.0  0.0059215  0.035184  -0.016231  -0.016945  0.0  0.0  0.0  0.0  -0.0027876  -0.0026364  0.0  0.0
2115.0  -0.17827  0.13367  0.0  0.0  -0.062201  0.073644  -0.012408  -0.0057135  0.0  0.0  0.0  0.0  -0.10503  -0.0039256  0.028521  0.0043722  0.0  0.0  0.0  0.0  -0.011187  0.0036723  0.0079408  0.0092614  0.0  0.0  0.0  0.0  0.0050021  0.035961  -0.016094  -0.017614  0.0  0.0  0.0  0.0  -0.0028224  -0.0027812  0.0  0.0
2120.0  -0.17774  0.13282  0.0  0.0  -0.062151  0.073213  -0.012294  -0.0057848  0.0  0.0  0.0  0.0  -0.10511  -0.00435  0.02828  0.0051044  0.0  0.0  0.0  0.0  -0.011269  0.0036171  0.007856  0.0094591  0.0  0.0  0.0  0.0  0.0040444  0.036685  -0.015917  -0.018276  0.0  0.0  0.0  0.0  -0.002852  -0.0029304  0.0  0.0
2125.0  -0.17721  0.132  0.0  0.0  -0.062085  0.072784  -0.012179  -0.0058585  0.0  0.0  0.0  0.0  -0.10516  -0.0047674  0.028015  0.0058408  0.0  0.0  0.0  0.0  -0.011349  0.0035596  0.0077617  0.0096523  0.0  0.0  0.0  0.0  0.0030536  0.037352  -0.015702  -0.018928  0.0  0.0  0.0  0.0  -0.0028757  -0.0030838  0.0  0.0
2130.0  -0.17668  0.1312  0.0  0.0  -0.062002  0.072359  -0.012064  -0.0059344  0.0  0.0  0.0  0.0  -0.10518  -0.0051738  0.027723  0.0065797  0.0  0.0  0.0  0.0  -0.011429  0.0034998  0.0076582  0.0098401  0.0  0.0  0.0  0.0  0.0020353  0.03796  -0.015451  -0.019566  0.0  0.0  0.0  0.0  -0.0028931  -0.003241  0.0  0.0
2135.0  -0.17615  0.13042  0.0  0.0  -0.061902  0.071942  -0.011947  -0.0060123  0.0  0.0  0.0  0.0  -0.10517  -0.0055657  0.027404  0.0073193  0.0  0.0  0.0  0.0  -0.011508  0.0034377  0.007546  0.010022  0.0  0.0  0.0  0.0  0.00099547  0.038508  -0.015164  -0.020184  0.0  0.0  0.0  0.0  -0.0029039  -0.0034014  0.0  0.0
2140.0  -0.17561  0.12966  0.0  0.0  -0.061786  0.071534  -0.011829  -0.0060916  0.0  0.0  0.0  0.0  -0.10514  -0.0059399  0.027056  0.0080572  0.0  0.0  0.0  0.0  -0.011585  0.0033736  0.0074258  0.010196  0.0  0.0  0.0  0.0  -5.965e-05  0.038993  -0.014845  -0.020781  0.0  0.0  0.0  0.0  -0.0029076  -0.0035646  0.0  0.0
2145.0  -0.17508  0.12891  0.0  0.0  -0.061654  0.071139  -0.01171  -0.0061721  0.0  0.0  0.0  0.0  -0.10509  -0.0062935  0.026677  0.008791  0.0  0.0  0.0  0.0  -0.011661  0.0033075  0.0072983  0.010362  0.0  0.0  0.0  0.0  -0.0011237  0.039415  -0.014498  -0.021352  0.0  0.0  0.0  0.0  -0.0029039  -0.0037299  0.0  0.0
2150.0  -0.17455  0.12818  0.0  0.0  -0.061506  0.070759  -0.011587  -0.0062532  0.0  0.0  0.0  0.0  -0.10502  -0.0066245  0.026268  0.0095177  0.0  0.0  0.0  0.0  -0.011736  0.0032397  0.0071644  0.01052  0.0  0.0  0.0  0.0  -0.0021904  0.039775  -0.014125  -0.021896  0.0  0.0  0.0  0.0  -0.0028926  -0.0038968  0.0  0.0
2155.0  -0.17403  0.12747  0.0  0.0  -0.061344  0.070396  -0.011463  -0.0063344  0.0  0.0  0.0  0.0  -0.10493  -0.0069311  0.025829  0.010234  0.0  0.0  0.0  0.0  -0.01181  0.0031703  0.0070251  0.010669  0.0  0.0  0.0  0.0  -0.0032536  0.040075  -0.013731  -0.022412  0.0  0.0  0.0  0.0  -0.0028735  -0.0040645  0.0  0.0
2160.0  -0.17351  0.12677  0.0  0.0  -0.061171  0.070054  -0.011337  -0.0064151  0.0  0.0  0.0  0.0  -0.10484  -0.0072121  0.025358  0.010937  0.0  0.0  0.0  0.0  -0.011882  0.0030994  0.0068814  0.010808  0.0  0.0  0.0  0.0  -0.0043074  0.040316  -0.013321  -0.022897  0.0  0.0  0.0  0.0  -0.0028465  -0.0042323  0.0  0.0
2165.0  -0.173  0.12607  0.0  0.0  -0.060987  0.069733  -0.011209  -0.0064949  0.0  0.0  0.0  0.0  -0.10473  -0.007467  0.024858  0.011624  0.0  0.0  0.0  0.0  -0.011953  0.0030273  0.0067345  0.010937  0.0  0.0  0.0  0.0  -0.0053465  0.040503  -0.012897  -0.023353  0.0  0.0  0.0  0.0  -0.0028117  -0.0043995  0.0  0.0
2170.0  -0.17249  0.12539  0.0  0.0  -0.060796  0.069436  -0.011079  -0.0065733  0.0  0.0  0.0  0.0  -0.10462  -0.0076955  0.02433  0.012291  0.0  0.0  0.0  0.0  -0.012022  0.002954  0.0065854  0.011056  0.0  0.0  0.0  0.0  -0.0063661  0.040638  -0.012463  -0.02378  0.0  0.0  0.0  0.0  -0.0027691  -0.0045654  0.0  0.0
2175.0  -0.17198  0.12471  0.0  0.0  -0.060601  0.069163  -0.010947  -0.0066498  0.0  0.0  0.0  0.0  -0.10451  -0.0078979  0.023775  0.012934  0.0  0.0  0.0  0.0  -0.01209  0.0028798  0.0064352  0.011166  0.0  0.0  0.0  0.0  -0.0073621  0.040725  -0.012024  -0.024178  0.0  0.0  0.0  0.0  -0.002719  -0.0047293  0.0  0.0
2180.0  -0.17148  0.12403  0.0  0.0  -0.060403  0.068917  -0.010814  -0.006724  0.0  0.0  0.0  0.0  -0.1044  -0.0080748  0.023196  0.013552  0.0  0.0  0.0  0.0  -0.012157  0.0028049  0.0062852  0.011266  0.0  0.0  0.0  0.0  -0.0083312  0.04077  -0.011582  -0.02455  0.0  0.0  0.0  0.0  -0.0026617  -0.0048905  0.0  0.0
2185.0  -0.17098  0.12336  0.0  0.0  -0.060206  0.068697  -0.01068  -0.0067958  0.0  0.0  0.0  0.0  -0.10429  -0.0082272  0.022596  0.014142  0.0  0.0  0.0  0.0  -0.012223  0.0027294  0.0061363  0.011357  0.0  0.0  0.0  0.0  -0.009271  0.040777  -0.01114  -0.024898  0.0  0.0  0.0  0.0  -0.0025976  -0.0050484  0.0  0.0
2190.0  -0.17048  0.12268  0.0  0.0  -0.060013  0.068504  -0.010546  -0.0068648  0.0  0.0  0.0  0.0  -0.10419  -0.0083563  0.021979  0.014703  0.0  0.0  0.0  0.0  -0.012288  0.0026533  0.0059894  0.011439  0.0  0.0  0.0  0.0  -0.01018  0.040752  -0.010699  -0.025224  0.0  0.0  0.0  0.0  -0.0025272  -0.0052026  0.0  0.0
2195.0  -0.16997  0.12201  0.0  0.0  -0.059826  0.068338  -0.010412  -0.0069311  0.0  0.0  0.0  0.0  -0.1041  -0.0084637  0.021348  0.015232  0.0  0.0  0.0  0.0  -0.012351  0.002577  0.0058454  0.011513  0.0  0.0  0.0  0.0  -0.011056  0.040698  -0.010262  -0.025531  0.0  0.0  0.0  0.0  -0.002451  -0.0053526  0.0  0.0
2200.0  -0.16947  0.12133  0.0  0.0  -0.059648  0.068198  -0.010278  -0.0069946  0.0  0.0  0.0  0.0  -0.10402  -0.0085511  0.020706  0.015731  0.0  0.0  0.0  0.0  -0.012415  0.0025004  0.0057052  0.011581  0.0  0.0  0.0  0.0  -0.011901  0.040622  -0.0098289  -0.02582  0.0  0.0  0.0  0.0  -0.0023695  -0.0054981  0.0  0.0
