#Partial waves for K Sigma -> K Sigma 
#columns: W S11  S31  P11  P13  P31  P33  D13  D15  D33  D35  F15  F17  F35  F37  G17  G19  G37  G39  H19  H39
1690.0  0.14789  0.19672  -0.064437  0.0044362  0.0019145  0.00057352  8.2134e-05  4.9539e-05  -0.00013533  7.0197e-05  0.00032208  9.3587e-07  1.7095e-06  2.4289e-07  8.1022e-07  2.0105e-08  -1.0187e-06  5.0028e-08  -2.2998e-07  2.8843e-08  4.4293e-09  2.1077e-10  1.0482e-09  3.891e-11  -2.8695e-09  3.0746e-11  -2.833e-10  1.7538e-11  9.4707e-12  3.6446e-13  2.8589e-12  1.065e-13  -6.5608e-12  2.2271e-14  -2.2435e-12  9.5362e-16  7.8373e-15  9.2007e-16  -2.4809e-13  2.0564e-17
1695.0  0.21317  0.32175  -0.1162  0.014748  0.01244  0.0040226  0.00058775  0.00031986  -0.00075584  0.00046418  0.0019436  8.8752e-06  3.8562e-05  5.3702e-06  1.7904e-05  4.3741e-07  -2.2799e-05  1.1233e-06  -4.4816e-06  6.9556e-07  3.4414e-07  1.6111e-08  8.199e-08  3.0214e-09  -2.2217e-07  2.7166e-09  -2.2827e-08  1.4935e-09  2.5659e-09  9.7135e-11  7.7531e-10  2.8598e-11  -1.7765e-09  6.1328e-12  -6.0518e-10  2.6441e-13  1.9389e-11  8.4228e-13  -1.131e-11  2.025e-14
1700.0  0.25374  0.37664  -0.14813  0.023971  0.027549  0.009692  0.0014205  0.00070887  -0.0014187  0.0010552  0.0040135  2.6793e-05  0.00014607  1.9981e-05  6.6485e-05  1.6001e-06  -8.5671e-05  4.2353e-06  -1.441e-05  2.8208e-06  2.2003e-06  1.009e-07  5.2753e-07  1.9297e-08  -1.4151e-06  1.9746e-08  -1.5081e-07  1.045e-08  2.7943e-08  1.0409e-09  8.402e-09  3.0858e-10  -1.9327e-08  6.8027e-11  -6.5242e-09  2.9549e-12  3.6087e-10  1.5188e-11  -1.8313e-10  3.9444e-13
1705.0  0.28567  0.41475  -0.17158  0.032047  0.045638  0.017495  0.002549  0.0011814  -0.0019466  0.0018067  0.0062166  5.5222e-05  0.00034355  4.6257e-05  0.0001534  3.6409e-06  -0.00019987  9.9176e-06  -2.8095e-05  7.1124e-06  7.2221e-06  3.2337e-07  1.7418e-06  6.323e-08  -4.626e-06  7.3599e-08  -5.099e-07  3.7479e-08  1.2907e-07  4.7215e-09  3.8629e-08  1.4086e-09  -8.9188e-08  3.1995e-10  -2.9842e-08  1.4011e-11  2.3427e-09  9.5853e-11  -1.1559e-09  2.6997e-12
1710.0  0.31106  0.44381  -0.18996  0.039362  0.065732  0.027447  0.0039565  0.0017205  -0.0022404  0.0027077  0.0083936  9.3011e-05  0.00064452  8.5596e-05  0.00028253  6.6235e-06  -0.00037192  1.8535e-05  -4.2249e-05  1.4322e-05  1.7282e-05  7.5376e-07  4.191e-06  1.5091e-07  -1.1022e-05  1.9957e-07  -1.2532e-06  9.7851e-08  3.97e-07  1.4233e-08  1.1828e-07  4.2711e-09  -2.7404e-07  1.0016e-09  -9.0912e-08  4.4249e-11  9.2459e-09  3.6755e-10  -4.4791e-09  1.1268e-11
1715.0  0.3319  0.46698  -0.20494  0.04603  0.087073  0.03953  0.0056279  0.0023151  -0.0022342  0.0037573  0.010449  0.00013772  0.0010591  0.00013901  0.00045611  1.0582e-05  -0.00060619  3.0366e-05  -5.2874e-05  2.529e-05  3.4369e-05  1.458e-06  8.3779e-06  2.9909e-07  -2.1823e-05  4.4842e-07  -2.5532e-06  2.1202e-07  9.6226e-07  3.3756e-08  2.8546e-07  1.0184e-08  -6.6353e-07  2.4702e-09  -2.1832e-07  1.1017e-10  2.7268e-08  1.0526e-09  -1.2989e-08  3.5232e-11
1720.0  0.34935  0.4861  -0.21746  0.052093  0.10904  0.053659  0.0075491  0.0029571  -0.0018812  0.0049614  0.012323  0.00018625  0.0015952  0.00020728  0.00067532  1.5537e-05  -0.00090555  4.5641e-05  -5.5592e-05  4.0974e-05  6.0525e-05  2.4949e-06  1.4825e-05  5.2441e-07  -3.8256e-05  8.8883e-07  -4.5957e-06  4.0624e-07  1.9943e-06  6.8355e-08  5.8919e-07  2.0726e-08  -1.3737e-06  5.2076e-09  -4.4842e-07  2.3464e-10  6.6405e-08  2.4887e-09  -3.1104e-08  9.1191e-11
1725.0  0.36404  0.50229  -0.22808  0.057591  0.13111  0.069698  0.0097059  0.0036402  -0.0011469  0.0063305  0.013977  0.00023542  0.0022588  0.00029108  0.00094066  2.1509e-05  -0.0012718  6.4561e-05  -4.5832e-05  6.2472e-05  9.7803e-05  3.9162e-06  2.4064e-05  8.4302e-07  -6.1537e-05  1.6093e-06  -7.5744e-06  7.1334e-07  3.6995e-06  1.2375e-07  1.0887e-06  3.77e-08  -2.5457e-06  9.8243e-09  -8.2465e-07  4.4756e-10  1.4122e-07  5.1395e-09  -6.5023e-08  2.066e-10
1730.0  0.37642  0.5162  -0.2372  0.062572  0.15288  0.087468  0.012085  0.0043593  -6.1081e-06  0.0078796  0.01539  0.00028236  0.0030547  0.00039095  0.0012521  2.852e-05  -0.0017059  8.7317e-05  -1.8958e-05  9.1054e-05  0.00014824  5.766e-06  3.6627e-05  1.2702e-06  -9.2847e-05  2.7188e-06  -1.1688e-05  1.1735e-06  6.3191e-06  2.0608e-07  1.8526e-06  6.3076e-08  -4.3438e-06  1.7062e-08  -1.3968e-06  7.8651e-10  2.7151e-07  9.6005e-09  -1.2282e-07  4.241e-10
1735.0  0.38682  0.52824  -0.24507  0.067083  0.17398  0.10676  0.014671  0.0051105  0.0015591  0.0096279  0.016551  0.00032466  0.0039866  0.00050741  0.0016093  3.6595e-05  -0.0022081  0.00011409  2.9651e-05  0.00012818  0.00021383  8.0822e-06  5.304e-05  1.8203e-06  -0.00013333  4.3469e-06  -1.7134e-05  1.8351e-06  1.0126e-05  3.2175e-07  2.958e-06  9.8932e-08  -6.9535e-06  2.7796e-08  -2.2202e-06  1.2975e-09  4.828e-07  1.6603e-08  -2.1446e-07  8.0692e-10
1740.0  0.39551  0.53869  -0.25192  0.071173  0.19416  0.12736  0.017453  0.0058903  0.0035602  0.011599  0.017456  0.00036049  0.0050573  0.00064092  0.0020117  4.577e-05  -0.0027783  0.00014508  0.00010455  0.00017555  0.00029652  1.0898e-05  7.3822e-05  2.5068e-06  -0.0001841  6.6415e-06  -2.411e-05  2.7558e-06  1.5422e-05  4.7721e-07  4.4895e-06  1.4743e-07  -1.0579e-05  4.3034e-08  -3.3549e-06  2.0358e-09  8.0679e-07  2.7016e-08  -3.517e-07  1.4456e-09
1745.0  0.40272  0.54772  -0.2579  0.07489  0.2132  0.14905  0.020417  0.0066964  0.0060033  0.013818  0.018107  0.00038858  0.0062688  0.00079191  0.0024586  5.6088e-05  -0.0034158  0.00018048  0.00021016  0.00023509  0.00039818  1.4242e-05  9.9474e-05  3.3421e-06  -0.00024619  9.7663e-06  -3.2809e-05  4.0039e-06  2.2534e-05  6.7894e-07  6.5383e-06  2.1078e-07  -1.5442e-05  6.3918e-08  -4.865e-06  3.067e-09  1.2816e-06  4.1856e-08  -5.4789e-07  2.4666e-09
1750.0  0.40869  0.55548  -0.26315  0.078275  0.23094  0.17157  0.02355  0.0075268  0.0088884  0.016316  0.01851  0.0004082  0.0076229  0.00096086  0.0029489  6.7601e-05  -0.0041198  0.00022048  0.0003508  0.00030906  0.00052063  1.8143e-05  0.00013049  4.3384e-06  -0.00032063  1.3897e-05  -4.3417e-05  5.6591e-06  3.1813e-05  9.3333e-07  9.2011e-06  2.9128e-07  -2.1778e-05  9.1727e-08  -6.8179e-06  4.468e-09  1.9522e-06  6.2287e-08  -8.1782e-07  4.0422e-09
1755.0  0.41361  0.56208  -0.26777  0.081371  0.24728  0.19473  0.026841  0.0083803  0.01221  0.019126  0.018672  0.00041911  0.0091204  0.0011482  0.0034817  8.0369e-05  -0.004889  0.00026532  0.00053056  0.00040001  0.0006656  2.2627e-05  0.00016732  5.5074e-06  -0.00040838  1.9217e-05  -5.6112e-05  7.8143e-06  4.3628e-05  1.2467e-06  1.258e-05  3.9131e-07  -2.9835e-05  1.2788e-07  -9.2838e-06  6.3283e-09  2.87e-06  8.9638e-08  -1.1773e-06  6.4035e-09
1760.0  0.41765  0.56761  -0.27186  0.08421  0.26213  0.21828  0.030277  0.0092556  0.015957  0.022283  0.018606  0.00042146  0.010762  0.0013546  0.0040559  9.4464e-05  -0.0057221  0.00031522  0.00075336  0.00051087  0.00083472  2.7724e-05  0.00021043  6.8611e-06  -0.00051035  2.5913e-05  -7.1067e-05  1.0577e-05  5.8367e-05  1.6254e-06  1.678e-05  5.1335e-07  -3.9871e-05  1.7393e-07  -1.2335e-05  8.7518e-09  4.0936e-06  1.2541e-07  -1.6429e-06  9.8557e-09
1765.0  0.42098  0.57216  -0.27549  0.086824  0.27546  0.24202  0.033846  0.010152  0.020111  0.025824  0.018321  0.00041575  0.012549  0.0015807  0.0046706  0.00010997  -0.0066175  0.00037041  0.0010229  0.00064499  0.0010296  3.3464e-05  0.00026025  8.412e-06  -0.00062743  3.4171e-05  -8.8447e-05  1.4072e-05  7.643e-05  2.0757e-06  2.1911e-05  6.6009e-07  -5.2154e-05  2.316e-07  -1.6045e-05  1.1858e-08  5.6883e-06  1.713e-07  -2.2316e-06  1.4796e-08
1770.0  0.42375  0.57581  -0.27874  0.089239  0.28727  0.26574  0.037538  0.011069  0.024649  0.029787  0.01783  0.00040274  0.01448  0.0018272  0.0053245  0.00012697  -0.0075735  0.00043113  0.0013424  0.00080612  0.0012517  3.9885e-05  0.00031718  1.0174e-05  -0.00076045  4.4166e-05  -0.00010841  1.8442e-05  9.8232e-05  2.6042e-06  2.8086e-05  8.3443e-07  -6.6956e-05  3.0274e-07  -2.0488e-05  1.5786e-08  7.7262e-06  2.292e-07  -2.96e-06  2.1738e-08
1775.0  0.42612  0.57863  -0.28166  0.091473  0.29761  0.28924  0.041342  0.012006  0.02954  0.03421  0.017147  0.00038344  0.016555  0.002095  0.0060166  0.00014557  -0.0085885  0.00049764  0.0017152  0.00099852  0.0015024  4.7028e-05  0.00038161  1.2161e-05  -0.00091021  5.6065e-05  -0.0001311  2.385e-05  0.00012419  3.2174e-06  3.5417e-05  1.0395e-06  -8.4556e-05  3.8938e-07  -2.5741e-05  2.0695e-08  1.0286e-05  3.0121e-07  -3.8445e-06  3.1334e-08
1780.0  0.42818  0.58074  -0.28429  0.093544  0.30653  0.31237  0.045247  0.012962  0.034747  0.039129  0.016283  0.000359  0.018775  0.0023853  0.0067457  0.00016587  -0.0096605  0.00057016  0.0021437  0.0012269  0.001783  5.4945e-05  0.0004539  1.439e-05  -0.0010774  7.0013e-05  -0.00015668  3.0483e-05  0.00015475  3.9225e-06  4.4022e-05  1.279e-06  -0.00010524  4.9373e-07  -3.1878e-05  2.6766e-08  1.3453e-05  3.8964e-07  -4.9e-06  4.4414e-08
1785.0  0.43005  0.58221  -0.28669  0.095463  0.31413  0.33496  0.049244  0.013937  0.040229  0.04458  0.015252  0.00033073  0.021138  0.0026992  0.0075108  0.00018799  -0.010788  0.00064894  0.0026304  0.0014967  0.0020949  6.3692e-05  0.00053441  1.688e-05  -0.0012629  8.6133e-05  -0.00018529  3.855e-05  0.00019034  4.7268e-06  5.4017e-05  1.5566e-06  -0.00012928  6.1817e-07  -3.8977e-05  3.421e-08  1.7319e-05  4.9706e-07  -6.1403e-06  6.2017e-08
1790.0  0.43182  0.58314  -0.28889  0.09724  0.32051  0.35692  0.053323  0.01493  0.045936  0.050595  0.014066  0.0003  0.023644  0.0030382  0.0083107  0.00021204  -0.011968  0.00073419  0.0031768  0.0018137  0.0024391  7.3339e-05  0.00062344  1.9653e-05  -0.0014671  0.00010451  -0.0002171  4.8291e-05  0.0002314  5.6382e-06  6.5521e-05  1.8769e-06  -0.00015697  7.6531e-07  -4.7111e-05  4.3264e-08  2.1982e-05  6.2621e-07  -7.5766e-06  8.5441e-08
1795.0  0.43354  0.58364  -0.29092  0.09888  0.3258  0.37814  0.057477  0.015942  0.051813  0.057202  0.012736  0.00026822  0.026292  0.0034038  0.0091444  0.00023815  -0.013201  0.00082611  0.0037841  0.0021843  0.0028169  8.3961e-05  0.00072132  2.2733e-05  -0.0016909  0.00012521  -0.00025226  5.997e-05  0.00027838  6.6651e-06  7.8654e-05  2.2445e-06  -0.00018859  9.3794e-07  -5.6356e-05  5.4204e-08  2.7545e-05  7.8006e-07  -9.2179e-06  1.163e-07
1800.0  0.43527  0.58378  -0.2928  0.10039  0.33012  0.39858  0.061696  0.016971  0.057801  0.064425  0.011274  0.00023684  0.02908  0.0037977  0.010011  0.00026642  -0.014482  0.00092488  0.0044526  0.0026156  0.0032291  9.5646e-05  0.00082831  2.6145e-05  -0.0019346  0.00014825  -0.00029096  7.388e-05  0.00033173  7.8165e-06  9.3534e-05  2.6649e-06  -0.00022442  1.1391e-06  -6.6786e-05  6.7341e-08  3.4119e-05  9.6178e-07  -1.107e-05  1.5657e-07
1805.0  0.43702  0.58366  -0.29455  0.10177  0.33359  0.41821  0.065975  0.018018  0.063839  0.072283  0.009692  0.00020727  0.032007  0.0042215  0.010909  0.00029699  -0.015812  0.0010307  0.0051818  0.0031152  0.0036767  0.00010849  0.0009447  2.9919e-05  -0.0021989  0.00017359  -0.00033342  9.0344e-05  0.00039189  9.102e-06  0.00011028  3.144e-06  -0.00026473  1.3721e-06  -7.8473e-05  8.3029e-08  4.1819e-05  1.1747e-06  -1.3135e-05  2.0869e-07
1810.0  0.43882  0.58336  -0.29618  0.10303  0.33631  0.43702  0.070305  0.019082  0.069857  0.080789  0.0079992  0.00018086  0.035071  0.0046774  0.011838  0.00032999  -0.017187  0.0011436  0.0059702  0.0036912  0.0041608  0.00012261  0.0010707  3.4088e-05  -0.0024841  0.00020119  -0.00037989  0.00010971  0.00045931  1.0532e-05  0.00012901  3.688e-06  -0.00030982  1.6405e-06  -9.149e-05  1.0167e-07  5.0764e-05  1.4222e-06  -1.541e-05  2.7563e-07
1815.0  0.44066  0.58295  -0.2977  0.10417  0.33838  0.45502  0.07468  0.020163  0.075784  0.089951  0.0062057  0.00015889  0.038271  0.0051672  0.012797  0.00036554  -0.018606  0.0012638  0.0068151  0.0043522  0.004682  0.00013812  0.0012066  3.8687e-05  -0.0027905  0.00023095  -0.00043066  0.00013233  0.00053444  1.2116e-05  0.00014985  4.3038e-06  -0.00035993  1.9482e-06  -0.00010591  1.2373e-07  6.108e-05  1.708e-06  -1.7888e-05  3.61e-07
1820.0  0.44253  0.58249  -0.29912  0.1052  0.33989  0.47223  0.079095  0.021262  0.081549  0.099768  0.0043209  0.00014256  0.041605  0.0056931  0.013784  0.00040376  -0.020067  0.0013914  0.0077126  0.0051071  0.0052412  0.00015515  0.0013526  4.3753e-05  -0.0031185  0.00026277  -0.00048609  0.0001586  0.00061772  1.3866e-05  0.00017291  4.999e-06  -0.00041535  2.2993e-06  -0.00012179  1.4971e-07  7.2897e-05  2.0355e-06  -2.0558e-05  4.6917e-07
1825.0  0.44441  0.58203  -0.30044  0.10612  0.34089  0.48869  0.083545  0.022378  0.087074  0.11023  0.0023532  0.00013294  0.045071  0.0062572  0.0148  0.0004448  -0.021568  0.0015265  0.0086572  0.0059651  0.005839  0.00017384  0.0015088  4.9326e-05  -0.0034681  0.00029651  -0.0005466  0.00018888  0.00070958  1.5793e-05  0.00019832  5.7815e-06  -0.00047632  2.6984e-06  -0.00013921  1.8019e-07  8.635e-05  2.4086e-06  -2.3402e-05  6.0538e-07
1830.0  0.44626  0.58159  -0.30167  0.10695  0.34144  0.50442  0.088023  0.023511  0.092282  0.12133  0.00031091  0.000131  0.048666  0.0068618  0.015843  0.0004888  -0.023108  0.0016691  0.0096417  0.0069351  0.0064762  0.00019435  0.0016755  5.5449e-05  -0.0038395  0.00033206  -0.00061272  0.00022352  0.00081047  1.7909e-05  0.00022618  6.6596e-06  -0.00054311  3.1504e-06  -0.00015823  2.1583e-07  0.00010158  2.8307e-06  -2.6395e-05  7.7592e-07
1835.0  0.44807  0.58121  -0.30281  0.10768  0.34157  0.51946  0.092525  0.024664  0.097094  0.13304  -0.0017984  0.00013761  0.052389  0.0075093  0.016912  0.00053589  -0.024683  0.0018195  0.010657  0.0080259  0.0071533  0.00021685  0.0018529  6.2166e-05  -0.0042327  0.00036931  -0.00068501  0.00026284  0.00092081  2.0226e-05  0.00025661  7.6424e-06  -0.00061595  3.6604e-06  -0.00017892  2.5735e-07  0.00011872  3.3055e-06  -2.9506e-05  9.8827e-07
1840.0  0.4498  0.58091  -0.30385  0.10834  0.34131  0.53382  0.097047  0.025835  0.10143  0.14532  -0.0039677  0.00015353  0.056238  0.0082022  0.018007  0.00058622  -0.026293  0.0019776  0.011694  0.0092456  0.0078709  0.0002415  0.0020409  6.9523e-05  -0.0046476  0.00040815  -0.00076417  0.00030708  0.001041  2.2757e-05  0.00028973  8.7392e-06  -0.00069508  4.2343e-06  -0.00020133  3.0557e-07  0.00013792  3.8363e-06  -3.2699e-05  1.2513e-06
1845.0  0.45142  0.58067  -0.30481  0.10892  0.34068  0.54752  0.10159  0.027026  0.10521  0.15813  -0.0061902  0.0001794  0.060209  0.0089431  0.019127  0.00063996  -0.027936  0.0021437  0.012738  0.010601  0.0086296  0.00026851  0.0022399  7.7569e-05  -0.005084  0.00044854  -0.00085095  0.0003564  0.0011715  2.5515e-05  0.00032566  9.96e-06  -0.00078073  4.8782e-06  -0.00022554  3.6138e-07  0.00015934  4.4266e-06  -3.5927e-05  1.5755e-06
1850.0  0.4529  0.5805  -0.30569  0.10945  0.33971  0.56058  0.10613  0.028239  0.10837  0.17141  -0.0084598  0.00021579  0.0643  0.0097347  0.020271  0.00069726  -0.02961  0.0023178  0.013776  0.012099  0.0094297  0.00029807  0.0024499  8.6351e-05  -0.0055418  0.00049044  -0.00094617  0.00041082  0.0013128  2.8511e-05  0.00036449  1.1315e-05  -0.00087313  5.5989e-06  -0.00025159  4.2578e-07  0.00018311  5.0795e-06  -3.9137e-05  1.9732e-06
1855.0  0.45424  0.58038  -0.30648  0.10993  0.33842  0.573  0.11069  0.029473  0.11084  0.18509  -0.010771  0.00026319  0.068509  0.01058  0.021438  0.00075829  -0.031314  0.0025001  0.014793  0.013742  0.010272  0.0003304  0.002671  9.5919e-05  -0.0060207  0.00053384  -0.0010507  0.00047021  0.0014651  3.1761e-05  0.00040634  1.2816e-05  -0.00097248  6.4034e-06  -0.00027954  4.9987e-07  0.0002094  5.7979e-06  -4.2267e-05  2.4588e-06
1860.0  0.45541  0.5803  -0.3072  0.11038  0.33682  0.58478  0.11525  0.03073  0.11257  0.19909  -0.013117  0.00032201  0.072834  0.011482  0.022628  0.00082323  -0.033045  0.0026908  0.015772  0.015532  0.011156  0.00036574  0.0029033  0.00010632  -0.0065205  0.0005788  -0.0011653  0.00053429  0.0016289  3.5276e-05  0.00045131  1.4473e-05  -0.001079  7.2997e-06  -0.00030945  5.8484e-07  0.00023836  6.5848e-06  -4.5248e-05  3.049e-06
1865.0  0.4564  0.58024  -0.30785  0.1108  0.33493  0.59593  0.11981  0.032012  0.11349  0.21333  -0.015495  0.0003926  0.07727  0.012443  0.02384  0.00089223  -0.034801  0.00289  0.016694  0.017469  0.012083  0.00040433  0.0031469  0.00011762  -0.0070409  0.00062536  -0.001291  0.00060259  0.0018046  3.9073e-05  0.00049952  1.6299e-05  -0.0011929  8.296e-06  -0.00034137  6.8202e-07  0.00027015  7.4426e-06  -4.7999e-05  3.7632e-06
1870.0  0.45721  0.58017  -0.30843  0.1112  0.3328  0.60643  0.12437  0.033319  0.1136  0.2277  -0.017899  0.00047527  0.081815  0.013468  0.025074  0.00096547  -0.036583  0.003098  0.017543  0.01955  0.013052  0.00044643  0.0034018  0.00012984  -0.0075817  0.00067362  -0.0014283  0.00067444  0.0019926  4.3164e-05  0.00055106  1.8306e-05  -0.0013143  9.4014e-06  -0.00037535  7.9282e-07  0.00030492  8.3739e-06  -5.0433e-05  4.6236e-06
1875.0  0.45784  0.58008  -0.30896  0.11159  0.33045  0.61628  0.12892  0.034652  0.11286  0.2421  -0.020324  0.00057026  0.086466  0.014559  0.026328  0.0010431  -0.038387  0.0033149  0.0183  0.021769  0.014065  0.00049231  0.0036681  0.00014306  -0.0081424  0.00072369  -0.0015779  0.00074905  0.0021932  4.7567e-05  0.00060603  2.0507e-05  -0.0014434  1.0625e-05  -0.00041144  9.1881e-07  0.00034284  9.381e-06  -5.245e-05  5.656e-06
1880.0  0.45831  0.57993  -0.30943  0.11197  0.32792  0.62549  0.13345  0.036012  0.11129  0.25643  -0.022768  0.00067779  0.091218  0.01572  0.027602  0.0011254  -0.040213  0.0035409  0.018948  0.024118  0.015121  0.00054227  0.0039458  0.00015732  -0.0087229  0.0007757  -0.0017402  0.00082548  0.0024069  5.2296e-05  0.00066453  2.2917e-05  -0.0015805  1.1979e-05  -0.00044969  1.0616e-06  0.00038408  1.0466e-05  -5.3943e-05  6.8895e-06
1885.0  0.45861  0.5797  -0.30987  0.11236  0.32524  0.63405  0.13797  0.0374  0.1089  0.27059  -0.025226  0.00079801  0.096068  0.016955  0.028896  0.0012123  -0.042059  0.0037762  0.019472  0.026585  0.016221  0.00059659  0.004235  0.00017266  -0.0093227  0.00082978  -0.0019154  0.00090275  0.0026338  5.737e-05  0.00072665  2.555e-05  -0.0017256  1.3472e-05  -0.00049014  1.2231e-06  0.00042878  1.1631e-05  -5.4794e-05  8.3575e-06
1890.0  0.45878  0.57938  -0.31027  0.11276  0.32246  0.64198  0.14247  0.038816  0.10573  0.28449  -0.027694  0.00093106  0.10101  0.018267  0.030209  0.0013042  -0.043924  0.004021  0.019856  0.029158  0.017364  0.0006556  0.0045356  0.00018914  -0.0099417  0.00088608  -0.0021034  0.00097983  0.0028745  6.2807e-05  0.00079249  2.8422e-05  -0.0018789  1.5117e-05  -0.00053284  1.4052e-06  0.00047711  1.2878e-05  -5.4875e-05  1.0098e-05
1895.0  0.45883  0.57895  -0.31064  0.11316  0.31963  0.64928  0.14695  0.040261  0.10182  0.29804  -0.030171  0.001077  0.10604  0.01966  0.03154  0.0014011  -0.045806  0.0042753  0.020088  0.031822  0.018551  0.00071961  0.0048476  0.00020681  -0.010579  0.00094475  -0.002304  0.0010557  0.0031291  6.8628e-05  0.00086213  3.1549e-05  -0.0020406  1.6926e-05  -0.00057783  1.6098e-06  0.00052924  1.4209e-05  -5.4045e-05  1.2152e-05
1900.0  0.45879  0.57841  -0.31099  0.11358  0.31679  0.65598  0.15141  0.041734  0.097246  0.31117  -0.032652  0.0012359  0.11116  0.021136  0.032888  0.0015031  -0.047705  0.0045395  0.020158  0.034562  0.019781  0.00078895  0.005171  0.0002257  -0.011236  0.0010059  -0.0025169  0.0011296  0.0033981  7.4853e-05  0.00093565  3.4947e-05  -0.0022107  1.8912e-05  -0.00062515  1.8393e-06  0.00058532  1.5625e-05  -5.2156e-05  1.4569e-05
1905.0  0.45868  0.57774  -0.31133  0.114  0.31398  0.6621  0.15583  0.043235  0.092064  0.32384  -0.035136  0.0014077  0.11635  0.0227  0.034253  0.0016103  -0.04962  0.0048135  0.020057  0.037359  0.021055  0.00086396  0.0055058  0.00024587  -0.01191  0.0010698  -0.0027413  0.0012007  0.0036818  8.1507e-05  0.0010131  3.8637e-05  -0.0023895  2.1089e-05  -0.00067483  2.0958e-06  0.00064553  1.713e-05  -4.9046e-05  1.7403e-05
1910.0  0.45852  0.57695  -0.31166  0.11444  0.31123  0.66767  0.16022  0.044764  0.086348  0.33599  -0.03762  0.0015924  0.12162  0.024353  0.035634  0.0017229  -0.05155  0.0050974  0.019778  0.040195  0.022372  0.00094499  0.0058519  0.00026737  -0.012602  0.0011364  -0.0029767  0.0012684  0.0039803  8.8615e-05  0.0010947  4.2638e-05  -0.0025769  2.3472e-05  -0.00072691  2.3819e-06  0.00071001  1.8725e-05  -4.4544e-05  2.0712e-05
1915.0  0.45835  0.57603  -0.31199  0.11489  0.30858  0.67272  0.16456  0.046318  0.08017  0.34761  -0.040102  0.0017898  0.12695  0.026099  0.037031  0.0018408  -0.053493  0.0053913  0.019318  0.043052  0.023733  0.0010324  0.0062093  0.00029023  -0.013312  0.0012059  -0.0032221  0.0013322  0.0042941  9.6204e-05  0.0011803  4.697e-05  -0.0027733  2.6075e-05  -0.00078144  2.7e-06  0.00077893  2.0414e-05  -3.8467e-05  2.4566e-05
1920.0  0.45818  0.57499  -0.31232  0.11534  0.30607  0.6773  0.16888  0.047897  0.073598  0.35866  -0.04258  0.0019999  0.13234  0.02794  0.038443  0.0019643  -0.055448  0.0056951  0.018674  0.045912  0.025136  0.0011265  0.006578  0.0003145  -0.014039  0.0012785  -0.0034769  0.001392  0.0046233  0.00010431  0.0012702  5.1657e-05  -0.0029785  2.8914e-05  -0.00083843  3.0528e-06  0.00085245  2.2198e-05  -3.0621e-05  2.9037e-05
1925.0  0.45803  0.57386  -0.31266  0.1158  0.30371  0.68144  0.17315  0.049501  0.066695  0.36916  -0.045053  0.0022223  0.13778  0.029877  0.03987  0.0020931  -0.057416  0.0060089  0.017847  0.048754  0.026584  0.0012276  0.0069578  0.00034022  -0.014783  0.0013542  -0.0037402  0.0014476  0.0049683  0.00011295  0.0013643  5.672e-05  -0.0031928  3.2005e-05  -0.00089792  3.4431e-06  0.00093074  2.4081e-05  -2.0801e-05  3.4211e-05
1930.0  0.45794  0.57263  -0.31301  0.11626  0.30153  0.68519  0.17737  0.051126  0.05952  0.3791  -0.047518  0.0024568  0.14327  0.031913  0.041311  0.0022275  -0.059394  0.0063324  0.016839  0.051561  0.028073  0.0013362  0.0073487  0.00036742  -0.015543  0.0014332  -0.0040113  0.0014991  0.0053294  0.00012218  0.0014628  6.2187e-05  -0.0034162  3.5364e-05  -0.00095995  3.8737e-06  0.0010139  2.6066e-05  -8.789e-06  4.0178e-05
1935.0  0.4579  0.57133  -0.31338  0.11671  0.29952  0.68859  0.18155  0.052771  0.052122  0.3885  -0.049975  0.0027031  0.1488  0.034048  0.042764  0.0023673  -0.061383  0.0066657  0.015655  0.054315  0.029606  0.0014525  0.0077507  0.00039616  -0.01632  0.0015155  -0.0042896  0.0015466  0.0057067  0.00013203  0.0015656  6.8084e-05  -0.0036488  3.901e-05  -0.0010245  4.3477e-06  0.0011022  2.8157e-05  5.6424e-06  4.7042e-05
1940.0  0.45793  0.56997  -0.31375  0.11716  0.2977  0.69168  0.18568  0.054435  0.044547  0.39735  -0.052421  0.0029608  0.15437  0.036284  0.044231  0.0025126  -0.063381  0.0070086  0.014302  0.056996  0.031181  0.0015769  0.0081635  0.00042645  -0.017112  0.0016013  -0.0045745  0.0015904  0.0061004  0.00014253  0.0016729  7.4437e-05  -0.0038906  4.2959e-05  -0.0010917  4.8681e-06  0.0011957  3.0359e-05  2.2733e-05  5.4915e-05
1945.0  0.45804  0.56858  -0.31414  0.1176  0.29607  0.6945  0.18977  0.056116  0.036831  0.40569  -0.054857  0.0032296  0.15996  0.03862  0.045711  0.0026634  -0.065388  0.0073608  0.012788  0.05959  0.032798  0.0017098  0.0085872  0.00045834  -0.017921  0.0016905  -0.0048654  0.0016306  0.0065109  0.00015375  0.0017847  8.1279e-05  -0.0041418  4.723e-05  -0.0011615  5.4381e-06  0.0012946  3.2676e-05  4.2732e-05  6.3923e-05
1950.0  0.45823  0.56716  -0.31454  0.11802  0.29462  0.6971  0.1938  0.057812  0.02901  0.41352  -0.05728  0.003509  0.16557  0.041056  0.047202  0.0028196  -0.067402  0.0077222  0.011126  0.06208  0.034457  0.0018514  0.0090215  0.00049186  -0.018744  0.0017833  -0.0051621  0.0016676  0.0069383  0.00016571  0.001901  8.8639e-05  -0.0044024  5.184e-05  -0.0012339  6.0609e-06  0.001399  3.5115e-05  6.5902e-05  7.4202e-05
1955.0  0.4585  0.56575  -0.31494  0.11843  0.29334  0.69949  0.19779  0.059522  0.021112  0.42085  -0.05969  0.0037987  0.17119  0.043592  0.048704  0.0029813  -0.069423  0.0080927  0.0093264  0.064454  0.036157  0.0020023  0.0094665  0.00052704  -0.019582  0.0018798  -0.005464  0.0017018  0.0073829  0.00017849  0.002022  9.655e-05  -0.0046723  5.681e-05  -0.001309  6.7399e-06  0.0015091  3.768e-05  9.2515e-05  8.5905e-05
1960.0  0.45886  0.56436  -0.31536  0.11882  0.29222  0.70172  0.20173  0.061244  0.013164  0.4277  -0.062086  0.0040981  0.17683  0.046229  0.050218  0.0031484  -0.071451  0.0084718  0.0074055  0.066698  0.037898  0.0021626  0.009922  0.00056391  -0.020435  0.0019799  -0.0057711  0.0017335  0.0078448  0.00019212  0.0021475  0.00010505  -0.0049518  6.2158e-05  -0.0013867  7.4784e-06  0.0016251  4.0378e-05  0.00012285  9.9195e-05
1965.0  0.45928  0.56299  -0.31578  0.11919  0.29124  0.70381  0.20562  0.062979  0.0051937  0.43408  -0.064467  0.0044068  0.18246  0.048964  0.051743  0.0033209  -0.073483  0.0088595  0.0053787  0.068805  0.039681  0.0023329  0.010388  0.00060249  -0.021302  0.0020838  -0.0060831  0.0017629  0.0083242  0.00020668  0.0022778  0.00011417  -0.0052407  6.7905e-05  -0.0014672  8.2801e-06  0.001747  4.3218e-05  0.00015721  0.00011426
1970.0  0.45978  0.56168  -0.31621  0.11953  0.29039  0.70579  0.20946  0.064724  -0.0027758  0.44  -0.066832  0.0047245  0.18809  0.051796  0.053278  0.0034989  -0.075521  0.0092555  0.0032629  0.070767  0.041503  0.0025134  0.010864  0.00064282  -0.022182  0.0021915  -0.0063998  0.0017904  0.0088213  0.00022224  0.0024128  0.00012394  -0.0055391  7.4071e-05  -0.0015504  9.1484e-06  0.0018751  4.6205e-05  0.00019589  0.00013128
1975.0  0.46033  0.56042  -0.31663  0.11985  0.28964  0.70766  0.21326  0.06648  -0.010719  0.44548  -0.069179  0.0050506  0.19371  0.054726  0.054823  0.0036824  -0.077562  0.0096597  0.0010752  0.07258  0.043366  0.0027045  0.01135  0.00068492  -0.023076  0.0023031  -0.0067211  0.0018162  0.0093363  0.00023884  0.0025526  0.00013442  -0.0058471  8.0678e-05  -0.0016363  1.0087e-05  0.0020094  4.9349e-05  0.0002392  0.00015049
1980.0  0.46093  0.55923  -0.31706  0.12015  0.28898  0.70944  0.217  0.068247  -0.018611  0.45052  -0.07151  0.0053848  0.19931  0.057751  0.056377  0.0038714  -0.079606  0.010072  -0.0011671  0.074241  0.045269  0.0029067  0.011847  0.00072881  -0.023983  0.0024185  -0.007047  0.0018405  0.0098693  0.00025659  0.0026972  0.00014564  -0.0061646  8.7746e-05  -0.0017249  1.1101e-05  0.0021501  5.2659e-05  0.00028748  0.00017212
1985.0  0.46156  0.55811  -0.31747  0.12043  0.28838  0.71114  0.2207  0.070024  -0.026428  0.45515  -0.073822  0.0057267  0.20489  0.06087  0.057941  0.0040659  -0.081653  0.010491  -0.0034475  0.075754  0.04721  0.0031203  0.012353  0.00077453  -0.024903  0.0025379  -0.0073775  0.0018635  0.010421  0.00027554  0.0028465  0.00015765  -0.0064917  9.53e-05  -0.0018163  1.2193e-05  0.0022975  5.6145e-05  0.00034104  0.00019643
1990.0  0.46221  0.55707  -0.31788  0.12068  0.28784  0.71277  0.22435  0.071811  -0.034144  0.45937  -0.076116  0.006076  0.21044  0.06408  0.059515  0.0042662  -0.083701  0.010919  -0.0057501  0.077119  0.049191  0.0033458  0.012869  0.0008221  -0.025834  0.0026613  -0.0077124  0.0018853  0.01099  0.0002958  0.0030008  0.00017048  -0.0068283  0.00010336  -0.0019105  1.3367e-05  0.0024515  5.9816e-05  0.00040024  0.00022369
1995.0  0.46287  0.55611  -0.31827  0.12091  0.28733  0.71433  0.22795  0.07361  -0.041737  0.46321  -0.07839  0.0064325  0.21596  0.067382  0.061096  0.0044722  -0.085749  0.011354  -0.0080607  0.078342  0.051211  0.0035837  0.013395  0.00087157  -0.026777  0.0027887  -0.0080517  0.0019062  0.011578  0.00031744  0.0031599  0.0001842  -0.0071745  0.00011196  -0.0020075  1.4629e-05  0.0026123  6.3685e-05  0.00046543  0.00025422
2000.0  0.46354  0.55522  -0.31865  0.12113  0.28685  0.71582  0.23151  0.075419  -0.049183  0.46668  -0.080645  0.0067957  0.22144  0.070772  0.062687  0.0046841  -0.087798  0.011796  -0.010367  0.079431  0.053268  0.0038343  0.01393  0.00092294  -0.027732  0.0029202  -0.0083953  0.0019262  0.012184  0.00034056  0.0033239  0.00019884  -0.0075302  0.00012111  -0.0021073  1.5984e-05  0.0027801  6.7762e-05  0.00053697  0.00028834
2005.0  0.46419  0.55441  -0.31902  0.12132  0.28637  0.71723  0.23502  0.077239  -0.056464  0.46982  -0.082879  0.0071655  0.22688  0.074248  0.064285  0.0049019  -0.089846  0.012246  -0.012656  0.080394  0.055363  0.0040982  0.014475  0.00097628  -0.028698  0.0030557  -0.0087434  0.0019454  0.01281  0.00036526  0.0034927  0.00021448  -0.0078954  0.00013085  -0.0022098  1.7435e-05  0.002955  7.2062e-05  0.00061522  0.00032642
2010.0  0.46482  0.55367  -0.31937  0.1215  0.28589  0.71856  0.23847  0.079071  -0.06356  0.47264  -0.085092  0.0075418  0.23227  0.077809  0.065891  0.0051258  -0.091893  0.012702  -0.014922  0.081239  0.057495  0.0043758  0.015029  0.0010316  -0.029674  0.0031953  -0.0090956  0.0019639  0.013454  0.00039165  0.0036665  0.00023115  -0.0082702  0.00014121  -0.0023152  1.899e-05  0.0031372  7.6596e-05  0.00070056  0.00036886
2015.0  0.46542  0.553  -0.3197  0.12167  0.28541  0.71981  0.24188  0.080913  -0.070459  0.47517  -0.087285  0.0079242  0.2376  0.081451  0.067505  0.005356  -0.093938  0.013166  -0.017154  0.081975  0.059663  0.0046676  0.015592  0.001089  -0.03066  0.0033391  -0.0094521  0.0019817  0.014117  0.00041984  0.0038452  0.00024893  -0.0086544  0.00015221  -0.0024234  2.0654e-05  0.0033266  8.1379e-05  0.00079338  0.00041611
2020.0  0.46599  0.55238  -0.32001  0.12183  0.28492  0.72097  0.24524  0.082767  -0.077148  0.47745  -0.089456  0.0083126  0.24288  0.085171  0.069126  0.0055926  -0.09598  0.013637  -0.01935  0.082614  0.061868  0.0049742  0.016164  0.0011485  -0.031656  0.0034869  -0.0098127  0.0019988  0.014799  0.00044993  0.0040288  0.00026788  -0.009048  0.00016388  -0.0025345  2.2432e-05  0.0035236  8.6426e-05  0.00089404  0.00046863
2025.0  0.46651  0.55182  -0.3203  0.12198  0.28442  0.72204  0.24854  0.084632  -0.083621  0.4795  -0.091607  0.0087069  0.24809  0.088966  0.070753  0.0058355  -0.098019  0.014116  -0.021503  0.083163  0.064108  0.005296  0.016745  0.0012101  -0.03266  0.0036388  -0.010177  0.0020155  0.0155  0.00048205  0.0042173  0.00028806  -0.009451  0.00017625  -0.0026483  2.4332e-05  0.0037282  9.1752e-05  0.0010029  0.00052697
2030.0  0.46699  0.5513  -0.32057  0.12212  0.2839  0.723  0.25179  0.086507  -0.089874  0.48136  -0.093735  0.0091069  0.25322  0.092832  0.072387  0.0060851  -0.10005  0.014601  -0.023613  0.083633  0.066383  0.0056335  0.017335  0.0012739  -0.033674  0.0037949  -0.010546  0.0020316  0.01622  0.00051632  0.0044106  0.00030955  -0.0098634  0.00018936  -0.002765  2.636e-05  0.0039405  9.7373e-05  0.0011204  0.00059169
2035.0  0.46743  0.55081  -0.32083  0.12226  0.28338  0.72386  0.25499  0.088391  -0.095909  0.48304  -0.095843  0.0095125  0.25829  0.096766  0.074027  0.0063413  -0.10209  0.015094  -0.025679  0.084031  0.068692  0.0059873  0.017934  0.0013399  -0.034695  0.0039552  -0.010918  0.0020473  0.016959  0.00055286  0.0046088  0.00033241  -0.010285  0.00020325  -0.0028846  2.8525e-05  0.0041607  0.00010331  0.0012469  0.00066344
2040.0  0.46782  0.55036  -0.32107  0.1224  0.28284  0.72462  0.25814  0.090284  -0.10173  0.48458  -0.097928  0.0099236  0.26327  0.10076  0.075672  0.0066044  -0.10411  0.015594  -0.0277  0.084365  0.071034  0.0063578  0.01854  0.0014082  -0.035725  0.0041198  -0.011294  0.0020627  0.017717  0.0005918  0.0048117  0.00035671  -0.010716  0.00021794  -0.003007  3.0832e-05  0.0043888  0.00010957  0.0013827  0.0007429
2045.0  0.46816  0.54992  -0.32129  0.12253  0.28231  0.72527  0.26123  0.092183  -0.10735  0.48601  -0.099992  0.01034  0.26817  0.10481  0.077323  0.0068742  -0.10613  0.016101  -0.029677  0.084643  0.07341  0.0067455  0.019156  0.0014789  -0.036761  0.0042886  -0.011673  0.0020778  0.018494  0.00063326  0.0050194  0.00038253  -0.011156  0.00023347  -0.0031323  3.3291e-05  0.0046249  0.00011618  0.0015281  0.00083084
2050.0  0.46846  0.54949  -0.3215  0.12267  0.28177  0.7258  0.26426  0.094088  -0.11277  0.48735  -0.10204  0.010761  0.27298  0.10892  0.078979  0.0071509  -0.10815  0.016616  -0.031612  0.084869  0.075817  0.0071508  0.019779  0.0015519  -0.037804  0.0044618  -0.012056  0.0020928  0.019291  0.00067736  0.0052317  0.00040994  -0.011606  0.00024988  -0.0032604  3.5909e-05  0.0048692  0.00012316  0.0016835  0.00092808
2055.0  0.46872  0.54908  -0.32169  0.1228  0.28124  0.72623  0.26724  0.095997  -0.11801  0.48862  -0.10406  0.011188  0.2777  0.11307  0.080639  0.0074346  -0.11016  0.017137  -0.033507  0.085049  0.078256  0.0075742  0.02041  0.0016273  -0.038853  0.0046395  -0.012443  0.0021078  0.020107  0.00072424  0.0054487  0.000439  -0.012064  0.0002672  -0.0033914  3.8694e-05  0.0051218  0.00013052  0.001849  0.0010355
2060.0  0.46894  0.54866  -0.32187  0.12293  0.28073  0.72654  0.27016  0.097909  -0.12308  0.48984  -0.10606  0.011619  0.28232  0.11727  0.082303  0.0077251  -0.11217  0.017665  -0.035365  0.085188  0.080726  0.0080161  0.021048  0.0017051  -0.039908  0.0048218  -0.012832  0.0021228  0.020942  0.00077403  0.00567  0.00046978  -0.012532  0.00028548  -0.0035252  4.1652e-05  0.0053828  0.00013829  0.0020249  0.0011541
2065.0  0.46913  0.54824  -0.32204  0.12307  0.28023  0.72675  0.27302  0.09982  -0.12801  0.49102  -0.10804  0.012055  0.28685  0.12149  0.083971  0.0080226  -0.11417  0.018201  -0.037188  0.085288  0.083225  0.008477  0.021694  0.0017854  -0.040967  0.0050088  -0.013225  0.0021382  0.021796  0.00082683  0.0058958  0.00050231  -0.013009  0.00030475  -0.0036619  4.4793e-05  0.0056523  0.00014649  0.0022112  0.0012849
2070.0  0.46929  0.54782  -0.32219  0.1232  0.27975  0.72686  0.27583  0.10173  -0.13282  0.49218  -0.11  0.012495  0.29128  0.12575  0.085642  0.008327  -0.11616  0.018744  -0.038977  0.085351  0.085753  0.0089571  0.022348  0.0018681  -0.042031  0.0052009  -0.013621  0.0021539  0.022669  0.00088277  0.0061258  0.00053665  -0.013494  0.00032505  -0.0038015  4.8121e-05  0.0059303  0.00015513  0.002408  0.0014289
2075.0  0.46943  0.54739  -0.32234  0.12334  0.2793  0.72687  0.27859  0.10364  -0.13751  0.49331  -0.11193  0.012939  0.29561  0.13002  0.087316  0.0086383  -0.11814  0.019293  -0.040737  0.08538  0.08831  0.0094569  0.023008  0.0019532  -0.043098  0.0053982  -0.014019  0.0021701  0.023562  0.00094196  0.0063598  0.00057281  -0.013989  0.00034642  -0.003944  5.1643e-05  0.006217  0.00016424  0.0026152  0.0015874
2080.0  0.46956  0.54695  -0.32248  0.12347  0.27889  0.72678  0.28128  0.10554  -0.14212  0.49443  -0.11385  0.013387  0.29985  0.13432  0.088993  0.0089564  -0.12012  0.019849  -0.042467  0.085375  0.090894  0.0099766  0.023675  0.0020406  -0.044169  0.005601  -0.014421  0.0021871  0.024473  0.0010045  0.0065978  0.0006108  -0.014492  0.00036889  -0.0040894  5.5364e-05  0.0065124  0.00017384  0.0028326  0.0017615
2085.0  0.46967  0.5465  -0.32261  0.1236  0.27851  0.7266  0.28393  0.10744  -0.14665  0.49553  -0.11575  0.013839  0.30398  0.13862  0.090672  0.0092812  -0.12209  0.020411  -0.04417  0.085337  0.093504  0.010517  0.024348  0.0021304  -0.045243  0.0058095  -0.014825  0.002205  0.025403  0.0010705  0.0068396  0.00065061  -0.015004  0.00039249  -0.0042376  5.9287e-05  0.0068166  0.00018395  0.00306  0.0019525
2090.0  0.46977  0.54604  -0.32274  0.12374  0.27816  0.72635  0.28653  0.10933  -0.15113  0.49661  -0.11763  0.014294  0.30801  0.14292  0.092353  0.0096127  -0.12406  0.02098  -0.045847  0.085266  0.096141  0.011077  0.025028  0.0022224  -0.046319  0.0060242  -0.015233  0.0022238  0.026352  0.0011402  0.007085  0.00069219  -0.015525  0.00041727  -0.0043888  6.3414e-05  0.0071297  0.00019459  0.0032968  0.0021615
2095.0  0.46987  0.54557  -0.32285  0.12387  0.27786  0.72602  0.28907  0.11121  -0.15557  0.49766  -0.11948  0.014752  0.31195  0.14723  0.094036  0.0099509  -0.12601  0.021556  -0.047498  0.085161  0.098802  0.011659  0.025714  0.0023166  -0.047397  0.0062454  -0.015643  0.0022438  0.02732  0.0012134  0.0073338  0.00073548  -0.016054  0.00044326  -0.0045429  6.7745e-05  0.0074518  0.00020578  0.0035424  0.0023899
2100.0  0.46997  0.5451  -0.32296  0.12399  0.2776  0.72561  0.29156  0.11308  -0.15999  0.49867  -0.12132  0.015213  0.31579  0.15152  0.095721  0.010296  -0.12796  0.022138  -0.049122  0.085023  0.10149  0.012261  0.026405  0.0024127  -0.048476  0.0064735  -0.016057  0.0022651  0.028306  0.0012904  0.0075859  0.00078039  -0.016593  0.00047047  -0.0046998  7.228e-05  0.007783  0.00021755  0.0037961  0.0026388
2105.0  0.47007  0.54463  -0.32307  0.12411  0.27737  0.72514  0.29401  0.11494  -0.16439  0.49964  -0.12314  0.015677  0.31955  0.1558  0.097406  0.010647  -0.1299  0.022726  -0.050719  0.08485  0.1042  0.012885  0.027103  0.0025108  -0.049557  0.006709  -0.016474  0.0022879  0.029311  0.0013713  0.007841  0.00082678  -0.017139  0.00049895  -0.0048597  7.7014e-05  0.0081233  0.00022992  0.0040571  0.0029094
2110.0  0.47017  0.54415  -0.32316  0.12422  0.27719  0.72462  0.29641  0.11679  -0.16878  0.50055  -0.12494  0.016142  0.32321  0.16007  0.099093  0.011004  -0.13184  0.023319  -0.052288  0.084643  0.10693  0.01353  0.027805  0.0026106  -0.050638  0.0069522  -0.016893  0.0023121  0.030335  0.001456  0.0080992  0.00087452  -0.017694  0.00052871  -0.0050225  8.1944e-05  0.0084727  0.0002429  0.004324  0.0032028
2115.0  0.47028  0.54368  -0.32325  0.12433  0.27705  0.72404  0.29877  0.11862  -0.17317  0.50139  -0.12672  0.01661  0.32678  0.16431  0.10078  0.011368  -0.13376  0.023919  -0.053825  0.084401  0.10968  0.014197  0.028514  0.0027119  -0.05172  0.0072036  -0.017316  0.002338  0.031376  0.0015448  0.0083602  0.00092343  -0.018258  0.00055978  -0.0051882  8.7062e-05  0.0088314  0.00025652  0.0045959  0.0035199
2120.0  0.47041  0.54321  -0.32333  0.12443  0.27695  0.72342  0.30108  0.12045  -0.17756  0.50213  -0.12848  0.01708  0.33028  0.16853  0.10247  0.011738  -0.13567  0.024525  -0.055329  0.084126  0.11246  0.014886  0.029227  0.0028147  -0.052802  0.0074637  -0.017742  0.0023657  0.032436  0.0016376  0.0086239  0.00097332  -0.01883  0.00059217  -0.0053568  9.236e-05  0.0091994  0.00027079  0.0048712  0.0038616
2125.0  0.47053  0.54274  -0.3234  0.12451  0.27688  0.72275  0.30335  0.12226  -0.18194  0.50277  -0.13023  0.017551  0.33369  0.17271  0.10416  0.012114  -0.13758  0.025136  -0.056797  0.083819  0.11525  0.015598  0.029946  0.0029186  -0.053884  0.007733  -0.018172  0.0023951  0.033515  0.0017345  0.0088904  0.001024  -0.01941  0.00062589  -0.0055283  9.7829e-05  0.0095768  0.00028575  0.0051485  0.0042285
2130.0  0.47067  0.54229  -0.32346  0.12459  0.27686  0.72204  0.30558  0.12406  -0.1863  0.50329  -0.13195  0.018023  0.33704  0.17687  0.10585  0.012496  -0.13948  0.025752  -0.058226  0.083482  0.11807  0.016331  0.030669  0.0030236  -0.054967  0.0080119  -0.018605  0.0024263  0.034611  0.0018356  0.0091595  0.0010752  -0.019999  0.00066096  -0.0057027  0.00010346  0.0099636  0.00030139  0.0054263  0.0046211
2135.0  0.47082  0.54185  -0.32352  0.12466  0.27686  0.72131  0.30778  0.12585  -0.19064  0.50368  -0.13366  0.018497  0.34031  0.18099  0.10754  0.012884  -0.14137  0.026374  -0.059613  0.083117  0.1209  0.017087  0.031398  0.0031294  -0.056049  0.0083009  -0.019042  0.0024593  0.035725  0.0019409  0.0094313  0.0011268  -0.020595  0.00069737  -0.00588  0.00010924  0.01036  0.00031775  0.0057029  0.0050396
2140.0  0.47097  0.54143  -0.32355  0.12471  0.27689  0.72054  0.30993  0.12762  -0.19495  0.50393  -0.13535  0.018971  0.34352  0.18508  0.10923  0.013279  -0.14324  0.027001  -0.060956  0.082728  0.12375  0.017866  0.032131  0.003236  -0.057132  0.0086003  -0.019483  0.0024942  0.036858  0.0020506  0.0097058  0.0011785  -0.0212  0.00073513  -0.0060602  0.00011516  0.010766  0.00033484  0.0059768  0.005484
2145.0  0.47113  0.54102  -0.32358  0.12475  0.27695  0.71975  0.31205  0.12939  -0.19921  0.50403  -0.13702  0.019446  0.34668  0.18914  0.11092  0.013679  -0.14511  0.027633  -0.062252  0.082319  0.12662  0.018669  0.03287  0.003343  -0.058215  0.0089106  -0.019927  0.0025308  0.038008  0.0021646  0.0099831  0.0012302  -0.021813  0.00077424  -0.0062432  0.00012121  0.011181  0.00035268  0.0062464  0.0059543
2150.0  0.4713  0.54064  -0.32359  0.12478  0.27703  0.71894  0.31414  0.13114  -0.20339  0.50398  -0.13867  0.019922  0.34977  0.19316  0.11261  0.014085  -0.14697  0.02827  -0.0635  0.081895  0.12951  0.019494  0.033614  0.0034505  -0.059298  0.0092322  -0.020376  0.0025691  0.039176  0.0022831  0.010263  0.0012817  -0.022434  0.00081469  -0.0064291  0.00012737  0.011606  0.00037128  0.0065103  0.00645
2155.0  0.47146  0.54028  -0.32358  0.1248  0.27714  0.71811  0.31619  0.13288  -0.2075  0.50378  -0.1403  0.020398  0.35282  0.19715  0.1143  0.014498  -0.14882  0.028912  -0.064699  0.081459  0.13241  0.020343  0.034363  0.0035582  -0.060382  0.0095652  -0.020829  0.0026092  0.040362  0.0024061  0.010547  0.0013329  -0.023062  0.00085649  -0.0066178  0.00013365  0.01204  0.00039066  0.0067669  0.0069705
2160.0  0.47163  0.53994  -0.32355  0.1248  0.27725  0.71727  0.31821  0.13462  -0.2115  0.50342  -0.14192  0.020875  0.35581  0.20111  0.11598  0.014916  -0.15066  0.029559  -0.065848  0.081018  0.13532  0.021216  0.035117  0.0036662  -0.061467  0.00991  -0.021286  0.0026507  0.041565  0.0025338  0.010833  0.0013836  -0.023698  0.00089963  -0.0068093  0.00014004  0.012485  0.00041083  0.0070153  0.0075152
2165.0  0.47179  0.53963  -0.32351  0.12479  0.27737  0.7164  0.32019  0.13634  -0.21539  0.50292  -0.14351  0.021352  0.35877  0.20504  0.11767  0.015341  -0.15249  0.030211  -0.066948  0.080575  0.13826  0.022112  0.035877  0.0037743  -0.062552  0.010267  -0.021747  0.0026936  0.042786  0.0026661  0.011123  0.0014339  -0.024342  0.00094411  -0.0070036  0.00014652  0.012939  0.00043181  0.0072543  0.0080832
2170.0  0.47194  0.53934  -0.32344  0.12477  0.2775  0.71552  0.32214  0.13805  -0.21913  0.50227  -0.14509  0.02183  0.36168  0.20894  0.11936  0.015772  -0.1543  0.030868  -0.068  0.080138  0.1412  0.023034  0.036642  0.0038826  -0.063639  0.010635  -0.022213  0.0027378  0.044024  0.0028032  0.011416  0.0014836  -0.024993  0.00098994  -0.0072006  0.00015311  0.013403  0.00045362  0.0074832  0.0086736
2175.0  0.47208  0.53908  -0.32335  0.12474  0.27763  0.71463  0.32407  0.13976  -0.22272  0.5015  -0.14665  0.022308  0.36455  0.21282  0.12105  0.016209  -0.15611  0.031529  -0.069006  0.07971  0.14416  0.02398  0.037412  0.0039911  -0.064728  0.011016  -0.022684  0.002783  0.04528  0.0029453  0.011713  0.0015328  -0.025652  0.0010371  -0.0074003  0.00015979  0.013876  0.00047627  0.0077014  0.0092855
2180.0  0.47221  0.53883  -0.32324  0.1247  0.27775  0.71372  0.32596  0.14146  -0.22614  0.50062  -0.1482  0.022786  0.36739  0.21668  0.12273  0.016652  -0.15791  0.032195  -0.069968  0.079295  0.14713  0.024951  0.038189  0.0040998  -0.065818  0.011408  -0.023159  0.002829  0.046553  0.0030925  0.012013  0.0015815  -0.026318  0.0010857  -0.0076028  0.00016658  0.01436  0.0004998  0.0079086  0.009918
2185.0  0.47232  0.53861  -0.32309  0.12465  0.27786  0.71278  0.32781  0.14315  -0.22939  0.49964  -0.14973  0.023265  0.37018  0.22053  0.12442  0.017102  -0.15969  0.032865  -0.070889  0.0789  0.15011  0.025947  0.038971  0.0042088  -0.06691  0.011812  -0.023639  0.0028757  0.047844  0.0032448  0.012318  0.0016297  -0.026991  0.0011356  -0.0078079  0.00017347  0.014853  0.0005242  0.0081045  0.010571
2190.0  0.47242  0.53841  -0.32293  0.12458  0.27796  0.71183  0.32964  0.14483  -0.23244  0.49857  -0.15123  0.023744  0.37294  0.22436  0.1261  0.017559  -0.16147  0.03354  -0.071772  0.078526  0.1531  0.026968  0.039759  0.0043183  -0.068005  0.012228  -0.024123  0.0029228  0.049151  0.0034026  0.012627  0.0016776  -0.027671  0.0011869  -0.0080156  0.00018047  0.015357  0.00054952  0.0082893  0.011242
2195.0  0.47249  0.53823  -0.32273  0.12451  0.27804  0.71084  0.33144  0.14651  -0.2353  0.49745  -0.15273  0.024224  0.37565  0.22818  0.12778  0.018022  -0.16323  0.03422  -0.072622  0.078177  0.1561  0.028016  0.040553  0.0044283  -0.069102  0.012655  -0.024611  0.0029701  0.050476  0.0035658  0.012939  0.0017253  -0.028358  0.0012397  -0.008226  0.0001876  0.01587  0.00057576  0.008463  0.011933
2200.0  0.47253  0.53806  -0.32251  0.12443  0.2781  0.70982  0.3332  0.14819  -0.23796  0.49629  -0.1542  0.024705  0.37833  0.23199  0.12946  0.018491  -0.16498  0.034905  -0.073443  0.077858  0.15912  0.02909  0.041353  0.0045391  -0.070201  0.013093  -0.025104  0.0030174  0.051817  0.0037348  0.013256  0.0017728  -0.029051  0.001294  -0.0084389  0.00019486  0.016394  0.00060298  0.0086259  0.012642
