#Partial waves for eta N -> eta N 
#columns: W S11  S31  P11  P13  P31  P33  D13  D15  D33  D35  F15  F17  F35  F37  G17  G19  G37  G39  H19  H39
1490.0  0.16402  0.095712  0.0  0.0  0.00015212  0.00016527  4.1004e-05  3.1752e-06  0.0  0.0  0.0  0.0  2.89e-06  2.8215e-06  1.7872e-06  2.2882e-07  0.0  0.0  0.0  0.0  5.7165e-10  8.2846e-11  5.7885e-10  3.7308e-11  0.0  0.0  0.0  0.0  2.7578e-12  4.2473e-14  6.5538e-12  9.3209e-14  0.0  0.0  0.0  0.0  8.4057e-15  -2.7943e-15  0.0  0.0
1495.0  0.22395  0.17658  0.0  0.0  0.00056642  0.0005965  0.00014851  1.2015e-05  0.0  0.0  0.0  0.0  2.4429e-05  2.8345e-05  1.612e-05  2.202e-06  0.0  0.0  0.0  0.0  1.2692e-08  1.6337e-09  1.2731e-08  7.5808e-10  0.0  0.0  0.0  0.0  1.4507e-10  -1.9766e-12  3.4676e-10  3.2645e-12  0.0  0.0  0.0  0.0  1.0324e-12  -3.847e-13  0.0  0.0
1500.0  0.25202  0.24201  0.0  0.0  0.0011172  0.0011414  0.00028474  2.4081e-05  0.0  0.0  0.0  0.0  6.9064e-05  9.6748e-05  5.0313e-05  7.3367e-06  0.0  0.0  0.0  0.0  6.3589e-08  7.1493e-09  6.3271e-08  3.4192e-09  0.0  0.0  0.0  0.0  1.1254e-09  -4.5758e-11  2.7124e-09  1.3165e-11  0.0  0.0  0.0  0.0  1.2052e-11  -4.9959e-12  0.0  0.0
1505.0  0.26328  0.30089  0.0  0.0  0.0017683  0.0017551  0.00043798  3.8719e-05  0.0  0.0  0.0  0.0  0.00012955  0.0002237  0.00010866  1.6922e-05  0.0  0.0  0.0  0.0  1.8968e-07  1.8273e-08  1.8744e-07  9.0178e-09  0.0  0.0  0.0  0.0  4.483e-09  -2.9398e-10  1.0917e-08  6.6265e-12  0.0  0.0  0.0  0.0  6.2304e-11  -2.8226e-11  0.0  0.0
1510.0  0.26234  0.35382  0.0  0.0  0.0025003  0.0024146  0.00060185  5.5589e-05  0.0  0.0  0.0  0.0  0.00019107  0.00041841  0.00019422  3.2325e-05  0.0  0.0  0.0  0.0  4.3299e-07  3.4943e-08  4.2542e-07  1.7835e-08  0.0  0.0  0.0  0.0  1.2667e-08  -1.1178e-09  3.1218e-08  -1.0215e-10  0.0  0.0  0.0  0.0  2.1181e-10  -1.0322e-10  0.0  0.0
1515.0  0.25249  0.40078  0.0  0.0  0.0032999  0.0031069  0.00077227  7.4463e-05  0.0  0.0  0.0  0.0  0.0002353  0.00068133  0.00030934  5.5055e-05  0.0  0.0  0.0  0.0  8.3891e-07  5.5155e-08  8.2025e-07  2.9227e-08  0.0  0.0  0.0  0.0  2.9008e-08  -3.1486e-09  7.2449e-08  -4.8851e-10  0.0  0.0  0.0  0.0  5.5753e-10  -2.8794e-10  0.0  0.0
1520.0  0.23605  0.44197  0.0  0.0  0.0041572  0.003824  0.00094647  9.5173e-05  0.0  0.0  0.0  0.0  0.0002454  0.001004  0.00045582  8.6814e-05  0.0  0.0  0.0  0.0  1.4544e-06  7.5148e-08  1.4163e-06  4.1597e-08  0.0  0.0  0.0  0.0  5.7638e-08  -7.2823e-09  1.4603e-07  -1.4275e-09  0.0  0.0  0.0  0.0  1.2355e-09  -6.6668e-10  0.0  0.0
1525.0  0.21461  0.47768  0.0  0.0  0.0050638  0.0045607  0.0011225  0.00011758  0.0  0.0  0.0  0.0  0.00020992  0.0013715  0.0006351  0.00012953  0.0  0.0  0.0  0.0  2.3271e-06  8.9909e-08  2.2583e-06  5.2514e-08  0.0  0.0  0.0  0.0  1.034e-07  -1.4635e-08  2.6591e-07  -3.2847e-09  0.0  0.0  0.0  0.0  2.421e-09  -1.3453e-09  0.0  0.0
1530.0  0.18935  0.50814  0.0  0.0  0.0060124  0.0053139  0.0012991  0.00014157  0.0  0.0  0.0  0.0  0.0001246  0.0017664  0.00084828  0.00018542  0.0  0.0  0.0  0.0  3.5038e-06  9.3916e-08  3.3902e-06  5.8948e-08  0.0  0.0  0.0  0.0  1.7175e-07  -2.6455e-08  4.4846e-07  -6.4873e-09  0.0  0.0  0.0  0.0  4.3285e-09  -2.4401e-09  0.0  0.0
1535.0  0.16119  0.53356  0.0  0.0  0.0069964  0.0060814  0.0014751  0.00016705  0.0  0.0  0.0  0.0  -8.2392e-06  0.0021725  0.0010962  0.00025699  0.0  0.0  0.0  0.0  5.0305e-06  8.2024e-08  4.8546e-06  5.7571e-08  0.0  0.0  0.0  0.0  2.6872e-07  -4.4002e-08  7.1238e-07  -1.148e-08  0.0  0.0  0.0  0.0  7.2151e-09  -4.061e-09  0.0  0.0
1540.0  0.13088  0.55412  0.0  0.0  0.0080096  0.0068615  0.0016499  0.00019395  0.0  0.0  0.0  0.0  -0.00018179  0.0025769  0.0013793  0.00034712  0.0  0.0  0.0  0.0  6.9521e-06  5.0452e-08  6.6924e-06  4.5106e-08  0.0  0.0  0.0  0.0  4.0085e-07  -6.8409e-08  1.0785e-06  -1.867e-08  0.0  0.0  0.0  0.0  1.1387e-08  -6.29e-09  0.0  0.0
1545.0  0.099116  0.57  0.0  0.0  0.0090464  0.0076532  0.001823  0.00022225  0.0  0.0  0.0  0.0  -0.00038708  0.0029709  0.0016979  0.00045909  0.0  0.0  0.0  0.0  9.3124e-06  -2.2175e-09  8.9426e-06  1.8678e-08  0.0  0.0  0.0  0.0  5.7526e-07  -1.0053e-07  1.5697e-06  -2.8364e-08  0.0  0.0  0.0  0.0  1.7216e-08  -9.1585e-09  0.0  0.0
1550.0  0.06648  0.58139  0.0  0.0  0.010101  0.008455  0.0019942  0.00025194  0.0  0.0  0.0  0.0  -0.00061482  0.0033497  0.0020519  0.00059662  0.0  0.0  0.0  0.0  1.2154e-05  -7.4048e-08  1.1642e-05  -2.3859e-08  0.0  0.0  0.0  0.0  7.9965e-07  -1.4083e-07  2.2108e-06  -4.071e-08  0.0  0.0  0.0  0.0  2.5152e-08  -1.2623e-08  0.0  0.0
1555.0  0.033513  0.58849  0.0  0.0  0.01117  0.009266  0.0021633  0.00028304  0.0  0.0  0.0  0.0  -0.00085658  0.0037111  0.0024407  0.00076392  0.0  0.0  0.0  0.0  1.5521e-05  -1.588e-07  1.4826e-05  -8.3642e-08  0.0  0.0  0.0  0.0  1.0824e-06  -1.8921e-07  3.0284e-06  -5.5636e-08  0.0  0.0  0.0  0.0  3.5759e-08  -1.6547e-08  0.0  0.0
1560.0  0.00068974  0.59156  0.0  0.0  0.012247  0.010085  0.0023302  0.00031566  0.0  0.0  0.0  0.0  -0.0011053  0.0040553  0.0028634  0.00096577  0.0  0.0  0.0  0.0  1.9457e-05  -2.4502e-07  1.8527e-05  -1.6057e-07  0.0  0.0  0.0  0.0  1.4328e-06  -2.4501e-07  4.0508e-06  -7.2812e-08  0.0  0.0  0.0  0.0  4.974e-08  -2.0683e-08  0.0  0.0
1565.0  -0.031582  0.59087  0.0  0.0  0.013328  0.01091  0.0024949  0.00034992  0.0  0.0  0.0  0.0  -0.0013554  0.0043834  0.0033183  0.0012075  0.0  0.0  0.0  0.0  2.4005e-05  -3.1517e-07  2.2777e-05  -2.5318e-07  0.0  0.0  0.0  0.0  1.8611e-06  -3.0687e-07  5.3078e-06  -9.1608e-08  0.0  0.0  0.0  0.0  6.7974e-08  -2.4664e-08  0.0  0.0
1570.0  -0.062961  0.58668  0.0  0.0  0.014411  0.01174  0.0026577  0.00038602  0.0  0.0  0.0  0.0  -0.0016026  0.0046973  0.003803  0.0014951  0.0  0.0  0.0  0.0  2.9215e-05  -3.4472e-07  2.7606e-05  -3.5852e-07  0.0  0.0  0.0  0.0  2.3784e-06  -3.728e-07  6.8308e-06  -1.1109e-07  0.0  0.0  0.0  0.0  9.1556e-08  -2.8006e-08  0.0  0.0
1575.0  -0.093168  0.57927  0.0  0.0  0.015492  0.012573  0.0028188  0.00042422  0.0  0.0  0.0  0.0  -0.0018438  0.0049988  0.0043141  0.001835  0.0  0.0  0.0  0.0  3.5134e-05  -3.0124e-07  3.3042e-05  -4.7223e-07  0.0  0.0  0.0  0.0  2.9976e-06  -4.4014e-07  8.6526e-06  -1.2998e-07  0.0  0.0  0.0  0.0  1.2183e-07  -3.0108e-08  0.0  0.0
1580.0  -0.12198  0.56891  0.0  0.0  0.016569  0.013407  0.0029784  0.00046486  0.0  0.0  0.0  0.0  -0.0020767  0.0052899  0.0048468  0.0022344  0.0  0.0  0.0  0.0  4.1817e-05  -1.4331e-07  3.9115e-05  -5.8851e-07  0.0  0.0  0.0  0.0  3.7326e-06  -5.0571e-07  1.0807e-05  -1.4675e-07  0.0  0.0  0.0  0.0  1.6043e-07  -3.028e-08  0.0  0.0
1585.0  -0.14921  0.55582  0.0  0.0  0.017639  0.01424  0.0031368  0.00050838  0.0  0.0  0.0  0.0  -0.0023  0.0055725  0.005395  0.0027008  0.0  0.0  0.0  0.0  4.9319e-05  1.8066e-07  4.5853e-05  -7.0032e-07  0.0  0.0  0.0  0.0  4.599e-06  -5.6585e-07  1.333e-05  -1.5955e-07  0.0  0.0  0.0  0.0  2.0932e-07  -2.7754e-08  0.0  0.0
1590.0  -0.1747  0.54019  0.0  0.0  0.018702  0.015069  0.0032945  0.00055533  0.0  0.0  0.0  0.0  -0.0025125  0.0058481  0.0059502  0.0032419  0.0  0.0  0.0  0.0  5.7699e-05  7.3372e-07  5.3282e-05  -7.9956e-07  0.0  0.0  0.0  0.0  5.6144e-06  -6.1656e-07  1.6259e-05  -1.6631e-07  0.0  0.0  0.0  0.0  2.7077e-07  -2.1725e-08  0.0  0.0
1595.0  -0.19831  0.52217  0.0  0.0  0.019757  0.015893  0.0034519  0.00060641  0.0  0.0  0.0  0.0  -0.0027135  0.006118  0.006502  0.0038652  0.0  0.0  0.0  0.0  6.7016e-05  1.5917e-06  6.1432e-05  -8.7734e-07  0.0  0.0  0.0  0.0  6.7977e-06  -6.5366e-07  1.9629e-05  -1.6476e-07  0.0  0.0  0.0  0.0  3.4747e-07  -1.1385e-08  0.0  0.0
1600.0  -0.21993  0.50176  0.0  0.0  0.020803  0.01671  0.0036093  0.00066246  0.0  0.0  0.0  0.0  -0.0029025  0.0063832  0.007037  0.0045774  0.0  0.0  0.0  0.0  7.733e-05  2.8446e-06  7.033e-05  -9.2437e-07  0.0  0.0  0.0  0.0  8.1699e-06  -6.7296e-07  2.3482e-05  -1.5252e-07  0.0  0.0  0.0  0.0  4.4243e-07  4.0416e-09  0.0  0.0
1605.0  -0.23911  0.47852  0.0  0.0  0.02184  0.017515  0.0037672  0.00072421  0.0  0.0  0.0  0.0  -0.0030788  0.0066445  0.0075388  0.0053839  0.0  0.0  0.0  0.0  8.8697e-05  4.5983e-06  8.0005e-05  -9.3115e-07  0.0  0.0  0.0  0.0  9.754e-06  -6.704e-07  2.7855e-05  -1.2709e-07  0.0  0.0  0.0  0.0  5.5907e-07  2.525e-08  0.0  0.0
1610.0  -0.25433  0.45249  0.0  0.0  0.022872  0.018296  0.003927  0.00079256  0.0  0.0  0.0  0.0  -0.0032421  0.0069025  0.0079878  0.0062873  0.0  0.0  0.0  0.0  0.00010117  6.9776e-06  9.0488e-05  -8.8777e-07  0.0  0.0  0.0  0.0  1.1575e-05  -6.4224e-07  3.279e-05  -8.595e-08  0.0  0.0  0.0  0.0  7.0115e-07  5.282e-08  0.0  0.0
1615.0  -0.2621  0.42961  0.0  0.0  0.023934  0.019057  0.0040893  0.00087189  0.0  0.0  0.0  0.0  -0.0033908  0.0071577  0.0083617  0.0072863  0.0  0.0  0.0  0.0  0.00011477  1.0126e-05  0.00010181  -7.8419e-07  0.0  0.0  0.0  0.0  1.3659e-05  -5.8519e-07  3.8328e-05  -2.6606e-08  0.0  0.0  0.0  0.0  8.7281e-07  8.7174e-08  0.0  0.0
1620.0  -0.27231  0.40751  0.0  0.0  0.025012  0.019838  0.0042502  0.00096336  0.0  0.0  0.0  0.0  -0.0035237  0.0074125  0.0086357  0.008375  0.0  0.0  0.0  0.0  0.00012954  1.4219e-05  0.00011401  -6.067e-07  0.0  0.0  0.0  0.0  1.6035e-05  -4.964e-07  4.451e-05  5.3438e-08  0.0  0.0  0.0  0.0  1.0785e-06  1.2855e-07  0.0  0.0
1625.0  -0.28117  0.38355  0.0  0.0  0.026088  0.02063  0.0044101  0.0010664  0.0  0.0  0.0  0.0  -0.0036415  0.0076688  0.0087836  0.00954  0.0  0.0  0.0  0.0  0.00014543  1.9459e-05  0.00012711  -3.378e-07  0.0  0.0  0.0  0.0  1.8735e-05  -3.7319e-07  5.138e-05  1.5673e-07  0.0  0.0  0.0  0.0  1.323e-06  1.7696e-07  0.0  0.0
1630.0  -0.28747  0.35825  0.0  0.0  0.027162  0.021428  0.004569  0.0011826  0.0  0.0  0.0  0.0  -0.0037446  0.0079279  0.0087807  0.01076  0.0  0.0  0.0  0.0  0.00016233  2.6052e-05  0.00014116  4.1294e-08  0.0  0.0  0.0  0.0  2.1791e-05  -2.1293e-07  5.898e-05  2.859e-07  0.0  0.0  0.0  0.0  1.6113e-06  2.3223e-07  0.0  0.0
1635.0  -0.29076  0.3322  0.0  0.0  0.028234  0.022232  0.0047266  0.0013139  0.0  0.0  0.0  0.0  -0.0038338  0.0081908  0.0086063  0.012005  0.0  0.0  0.0  0.0  0.00018008  3.4188e-05  0.00015617  5.4976e-07  0.0  0.0  0.0  0.0  2.5237e-05  -1.2871e-08  6.7353e-05  4.4374e-07  0.0  0.0  0.0  0.0  1.9487e-06  2.9393e-07  0.0  0.0
1640.0  -0.29079  0.30597  0.0  0.0  0.029305  0.02304  0.0048817  0.0014625  0.0  0.0  0.0  0.0  -0.0039096  0.0084584  0.0082472  0.013239  0.0  0.0  0.0  0.0  0.00019838  4.3996e-05  0.00017216  1.2062e-06  0.0  0.0  0.0  0.0  2.9107e-05  2.2988e-07  7.6541e-05  6.3317e-07  0.0  0.0  0.0  0.0  2.3408e-06  3.6148e-07  0.0  0.0
1645.0  -0.28743  0.28016  0.0  0.0  0.030377  0.023853  0.0050327  0.0016308  0.0  0.0  0.0  0.0  -0.003973  0.0087313  0.0077005  0.014418  0.0  0.0  0.0  0.0  0.0002169  5.5507e-05  0.00018917  2.0283e-06  0.0  0.0  0.0  0.0  3.3439e-05  5.1845e-07  8.6589e-05  8.5733e-07  0.0  0.0  0.0  0.0  2.7931e-06  4.341e-07  0.0  0.0
1650.0  -0.28073  0.25542  0.0  0.0  0.031452  0.02467  0.005177  0.0018212  0.0  0.0  0.0  0.0  -0.0040244  0.00901  0.0069761  0.015499  0.0  0.0  0.0  0.0  0.00023524  6.8607e-05  0.00020719  3.0321e-06  0.0  0.0  0.0  0.0  3.8269e-05  8.5621e-07  9.7537e-05  1.1196e-06  0.0  0.0  0.0  0.0  3.3113e-06  5.1089e-07  0.0  0.0
1655.0  -0.2709  0.23236  0.0  0.0  0.032533  0.025492  0.005311  0.0020358  0.0  0.0  0.0  0.0  -0.0040647  0.0092951  0.0060967  0.016443  0.0  0.0  0.0  0.0  0.00025303  8.3005e-05  0.00022626  4.2327e-06  0.0  0.0  0.0  0.0  4.3633e-05  1.2469e-06  0.00010943  1.4235e-06  0.0  0.0  0.0  0.0  3.9013e-06  5.9083e-07  0.0  0.0
1660.0  -0.25831  0.21152  0.0  0.0  0.033625  0.02632  0.0054302  0.0022763  0.0  0.0  0.0  0.0  -0.0040945  0.0095869  0.0050964  0.017215  0.0  0.0  0.0  0.0  0.00027002  9.8242e-05  0.00024638  5.6434e-06  0.0  0.0  0.0  0.0  4.9568e-05  1.6945e-06  0.00012231  1.773e-06  0.0  0.0  0.0  0.0  4.5689e-06  6.7289e-07  0.0  0.0
1665.0  -0.24345  0.19328  0.0  0.0  0.034734  0.027156  0.0055288  0.0025433  0.0  0.0  0.0  0.0  -0.0041146  0.0098859  0.0040169  0.017797  0.0  0.0  0.0  0.0  0.00028612  0.00011374  0.00026756  7.2767e-06  0.0  0.0  0.0  0.0  5.6109e-05  2.2039e-06  0.00013621  2.1725e-06  0.0  0.0  0.0  0.0  5.3199e-06  7.5604e-07  0.0  0.0
1670.0  -0.2269  0.17779  0.0  0.0  0.035867  0.028004  0.0055999  0.0028362  0.0  0.0  0.0  0.0  -0.0041257  0.010192  0.0029028  0.01818  0.0  0.0  0.0  0.0  0.00030151  0.0001289  0.0002898  9.1435e-06  0.0  0.0  0.0  0.0  6.3294e-05  2.7801e-06  0.00015117  2.6268e-06  0.0  0.0  0.0  0.0  6.1598e-06  8.3931e-07  0.0  0.0
1675.0  -0.20922  0.16467  0.0  0.0  0.037034  0.028872  0.0056362  0.0031519  0.0  0.0  0.0  0.0  -0.0041287  0.010507  0.0017968  0.018371  0.0  0.0  0.0  0.0  0.00031655  0.00014321  0.00031312  1.1254e-05  0.0  0.0  0.0  0.0  7.1158e-05  3.4292e-06  0.00016724  3.1411e-06  0.0  0.0  0.0  0.0  7.0943e-06  9.2188e-07  0.0  0.0
1680.0  -0.18984  0.15214  0.0  0.0  0.038243  0.029764  0.0056304  0.003485  0.0  0.0  0.0  0.0  -0.0041244  0.010829  0.00073588  0.018384  0.0  0.0  0.0  0.0  0.00033181  0.00015637  0.0003375  1.3616e-05  0.0  0.0  0.0  0.0  7.9736e-05  4.1581e-06  0.00018446  3.7212e-06  0.0  0.0  0.0  0.0  8.1288e-06  1.0031e-06  0.0  0.0
1685.0  -0.16037  0.13939  0.0  0.0  0.039531  0.030667  0.005577  0.0038267  0.0  0.0  0.0  0.0  -0.004114  0.011161  -0.00025147  0.018244  0.0  0.0  0.0  0.0  0.00034784  0.00016828  0.00036296  1.6237e-05  0.0  0.0  0.0  0.0  8.9061e-05  4.9745e-06  0.00020285  4.3737e-06  0.0  0.0  0.0  0.0  9.2687e-06  1.0826e-06  0.0  0.0
1690.0  -0.11886  0.16553  0.0  0.0  0.041029  0.031707  0.0054749  0.0041697  0.0  0.0  0.0  0.0  -0.0040985  0.011501  -0.0011456  0.017977  0.0  0.0  0.0  0.0  0.00036521  0.00017904  0.00038949  1.9126e-05  0.0  0.0  0.0  0.0  9.9169e-05  5.8871e-06  0.00022245  5.1058e-06  0.0  0.0  0.0  0.0  1.0519e-05  1.1603e-06  0.0  0.0
1695.0  -0.12361  0.18617  0.0  0.0  0.04251  0.033105  0.0053157  0.0045054  0.0  0.0  0.0  0.0  -0.0040791  0.011849  -0.0019353  0.017611  0.0  0.0  0.0  0.0  0.00038433  0.00018894  0.00041708  2.2291e-05  0.0  0.0  0.0  0.0  0.00011009  6.9058e-06  0.00024331  5.9252e-06  0.0  0.0  0.0  0.0  1.1885e-05  1.2365e-06  0.0  0.0
1700.0  -0.12705  0.19106  0.0  0.0  0.04382  0.034693  0.0051005  0.0048144  0.0  0.0  0.0  0.0  -0.0040576  0.012207  -0.002617  0.017172  0.0  0.0  0.0  0.0  0.00040549  0.00019831  0.00044574  2.5745e-05  0.0  0.0  0.0  0.0  0.00012186  8.042e-06  0.00026545  6.8408e-06  0.0  0.0  0.0  0.0  1.3371e-05  1.3118e-06  0.0  0.0
1705.0  -0.12734  0.19228  0.0  0.0  0.044976  0.036414  0.0048388  0.0050832  0.0  0.0  0.0  0.0  -0.0040357  0.012573  -0.0031924  0.016684  0.0  0.0  0.0  0.0  0.00042881  0.00020753  0.00047545  2.9506e-05  0.0  0.0  0.0  0.0  0.00013452  9.3093e-06  0.0002889  7.8624e-06  0.0  0.0  0.0  0.0  1.4983e-05  1.3875e-06  0.0  0.0
1710.0  -0.12617  0.1924  0.0  0.0  0.04596  0.03824  0.0045424  0.0053026  0.0  0.0  0.0  0.0  -0.0040146  0.012947  -0.0036669  0.016165  0.0  0.0  0.0  0.0  0.00045431  0.00021695  0.00050621  3.3589e-05  0.0  0.0  0.0  0.0  0.00014809  1.0723e-05  0.00031371  9.001e-06  0.0  0.0  0.0  0.0  1.6724e-05  1.4651e-06  0.0  0.0
1715.0  -0.12423  0.19215  0.0  0.0  0.046759  0.040138  0.004225  0.0054674  0.0  0.0  0.0  0.0  -0.0039959  0.013327  -0.0040481  0.01563  0.0  0.0  0.0  0.0  0.00048193  0.00022686  0.00053799  3.8009e-05  0.0  0.0  0.0  0.0  0.0001626  1.2301e-05  0.0003399  1.0268e-05  0.0  0.0  0.0  0.0  1.86e-05  1.5468e-06  0.0  0.0
1720.0  -0.1219  0.19188  0.0  0.0  0.047365  0.042073  0.0039002  0.0055768  0.0  0.0  0.0  0.0  -0.0039805  0.013713  -0.0043449  0.015092  0.0  0.0  0.0  0.0  0.00051155  0.00023749  0.00057078  4.2781e-05  0.0  0.0  0.0  0.0  0.00017809  1.4064e-05  0.00036749  1.1678e-05  0.0  0.0  0.0  0.0  2.0615e-05  1.6356e-06  0.0  0.0
1725.0  -0.11944  0.19175  0.0  0.0  0.047781  0.044013  0.0035805  0.0056343  0.0  0.0  0.0  0.0  -0.0039693  0.014102  -0.0045665  0.01456  0.0  0.0  0.0  0.0  0.00054301  0.00024904  0.00060454  4.7919e-05  0.0  0.0  0.0  0.0  0.00019459  1.6031e-05  0.00039654  1.3244e-05  0.0  0.0  0.0  0.0  2.2774e-05  1.7346e-06  0.0  0.0
1730.0  -0.11703  0.19181  0.0  0.0  0.048014  0.045929  0.0032757  0.0056459  0.0  0.0  0.0  0.0  -0.003963  0.014494  -0.0047216  0.014039  0.0  0.0  0.0  0.0  0.00057617  0.00026163  0.00063927  5.3433e-05  0.0  0.0  0.0  0.0  0.00021213  1.8227e-05  0.00042705  1.4982e-05  0.0  0.0  0.0  0.0  2.5081e-05  1.8481e-06  0.0  0.0
1735.0  -0.1148  0.19205  0.0  0.0  0.048075  0.047796  0.0029928  0.0056192  0.0  0.0  0.0  0.0  -0.0039618  0.014887  -0.0048186  0.013535  0.0  0.0  0.0  0.0  0.00061087  0.00027536  0.00067493  5.9337e-05  0.0  0.0  0.0  0.0  0.00023074  2.0676e-05  0.00045906  1.6908e-05  0.0  0.0  0.0  0.0  2.7541e-05  1.9804e-06  0.0  0.0
1740.0  -0.11282  0.19241  0.0  0.0  0.047977  0.049596  0.0027358  0.0055626  0.0  0.0  0.0  0.0  -0.0039656  0.015279  -0.004865  0.013051  0.0  0.0  0.0  0.0  0.00064696  0.0002903  0.00071151  6.5642e-05  0.0  0.0  0.0  0.0  0.00025046  2.3404e-05  0.0004926  1.904e-05  0.0  0.0  0.0  0.0  3.0159e-05  2.1368e-06  0.0  0.0
1745.0  -0.11113  0.19284  0.0  0.0  0.047735  0.051311  0.0025064  0.0054834  0.0  0.0  0.0  0.0  -0.0039741  0.015669  -0.0048677  0.012588  0.0  0.0  0.0  0.0  0.0006843  0.00030651  0.00074899  7.2362e-05  0.0  0.0  0.0  0.0  0.0002713  2.644e-05  0.00052771  2.1398e-05  0.0  0.0  0.0  0.0  3.2939e-05  2.3231e-06  0.0  0.0
1750.0  -0.10973  0.19329  0.0  0.0  0.047364  0.052927  0.0023045  0.0053887  0.0  0.0  0.0  0.0  -0.0039866  0.016056  -0.0048327  0.012147  0.0  0.0  0.0  0.0  0.00072276  0.000324  0.00078733  7.9509e-05  0.0  0.0  0.0  0.0  0.00029332  2.9813e-05  0.0005644  2.4002e-05  0.0  0.0  0.0  0.0  3.5886e-05  2.5454e-06  0.0  0.0
1755.0  -0.1086  0.19372  0.0  0.0  0.046881  0.054435  0.0021289  0.0052838  0.0  0.0  0.0  0.0  -0.0040025  0.016439  -0.0047652  0.011729  0.0  0.0  0.0  0.0  0.00076224  0.0003428  0.00082653  8.7101e-05  0.0  0.0  0.0  0.0  0.00031653  3.3556e-05  0.00060271  2.6875e-05  0.0  0.0  0.0  0.0  3.9006e-05  2.8107e-06  0.0  0.0
1760.0  -0.10774  0.1941  0.0  0.0  0.046302  0.055825  0.0019775  0.0051733  0.0  0.0  0.0  0.0  -0.0040209  0.016817  -0.0046699  0.011334  0.0  0.0  0.0  0.0  0.00080262  0.00036294  0.00086657  9.5154e-05  0.0  0.0  0.0  0.0  0.00034097  3.7702e-05  0.00064267  3.004e-05  0.0  0.0  0.0  0.0  4.2302e-05  3.1262e-06  0.0  0.0
1765.0  -0.1071  0.19439  0.0  0.0  0.045644  0.057092  0.0018481  0.0050606  0.0  0.0  0.0  0.0  -0.0040408  0.01719  -0.0045509  0.010961  0.0  0.0  0.0  0.0  0.00084381  0.00038443  0.00090742  0.00010369  0.0  0.0  0.0  0.0  0.00036669  4.2287e-05  0.0006843  3.3524e-05  0.0  0.0  0.0  0.0  4.5781e-05  3.4997e-06  0.0  0.0
1770.0  -0.10666  0.19457  0.0  0.0  0.044924  0.058233  0.0017382  0.0049482  0.0  0.0  0.0  0.0  -0.0040614  0.017559  -0.0044116  0.01061  0.0  0.0  0.0  0.0  0.00088572  0.00040728  0.00094907  0.00011272  0.0  0.0  0.0  0.0  0.00039371  4.7349e-05  0.00072764  3.7356e-05  0.0  0.0  0.0  0.0  4.9447e-05  3.9393e-06  0.0  0.0
1775.0  -0.10639  0.19465  0.0  0.0  0.044158  0.059247  0.0016455  0.0048379  0.0  0.0  0.0  0.0  -0.0040819  0.017922  -0.0042551  0.01028  0.0  0.0  0.0  0.0  0.00092827  0.00043149  0.00099151  0.00012228  0.0  0.0  0.0  0.0  0.00042207  5.2929e-05  0.00077272  4.1565e-05  0.0  0.0  0.0  0.0  5.3305e-05  4.4536e-06  0.0  0.0
1780.0  -0.10627  0.1946  0.0  0.0  0.043364  0.060136  0.0015677  0.004731  0.0  0.0  0.0  0.0  -0.0041015  0.018281  -0.0040841  0.0099693  0.0  0.0  0.0  0.0  0.00097138  0.00045709  0.0010347  0.00013238  0.0  0.0  0.0  0.0  0.00045182  5.9069e-05  0.00081957  4.6185e-05  0.0  0.0  0.0  0.0  5.736e-05  5.0513e-06  0.0  0.0
1785.0  -0.10625  0.19443  0.0  0.0  0.042554  0.060903  0.0015029  0.0046281  0.0  0.0  0.0  0.0  -0.0041199  0.018636  -0.003901  0.0096781  0.0  0.0  0.0  0.0  0.001015  0.00048407  0.0010787  0.00014306  0.0  0.0  0.0  0.0  0.00048298  6.5813e-05  0.00086823  5.1251e-05  0.0  0.0  0.0  0.0  6.1618e-05  5.7416e-06  0.0  0.0
1790.0  -0.10633  0.19415  0.0  0.0  0.041745  0.061554  0.0014495  0.0045299  0.0  0.0  0.0  0.0  -0.0041367  0.018987  -0.0037076  0.0094052  0.0  0.0  0.0  0.0  0.001059  0.00051246  0.0011233  0.00015433  0.0  0.0  0.0  0.0  0.00051561  7.3207e-05  0.00091871  5.6801e-05  0.0  0.0  0.0  0.0  6.6082e-05  6.5337e-06  0.0  0.0
1795.0  -0.10647  0.19375  0.0  0.0  0.040946  0.062098  0.0014059  0.0044365  0.0  0.0  0.0  0.0  -0.0041519  0.019336  -0.0035057  0.0091495  0.0  0.0  0.0  0.0  0.0011033  0.00054224  0.0011687  0.00016623  0.0  0.0  0.0  0.0  0.00054974  8.1301e-05  0.00097106  6.2876e-05  0.0  0.0  0.0  0.0  7.0758e-05  7.4368e-06  0.0  0.0
1800.0  -0.10666  0.19324  0.0  0.0  0.040169  0.062543  0.0013708  0.004348  0.0  0.0  0.0  0.0  -0.0041654  0.019683  -0.0032968  0.0089102  0.0  0.0  0.0  0.0  0.0011479  0.00057342  0.0012148  0.00017879  0.0  0.0  0.0  0.0  0.00058541  9.0143e-05  0.0010253  6.9521e-05  0.0  0.0  0.0  0.0  7.5651e-05  8.4602e-06  0.0  0.0
1805.0  -0.10688  0.19264  0.0  0.0  0.03942  0.062899  0.0013432  0.0042645  0.0  0.0  0.0  0.0  -0.0041776  0.020029  -0.0030821  0.0086863  0.0  0.0  0.0  0.0  0.0011926  0.000606  0.0012615  0.00019204  0.0  0.0  0.0  0.0  0.00062266  9.9787e-05  0.0010815  7.6781e-05  0.0  0.0  0.0  0.0  8.0764e-05  9.6132e-06  0.0  0.0
1810.0  -0.10713  0.19195  0.0  0.0  0.038707  0.063177  0.001322  0.0041857  0.0  0.0  0.0  0.0  -0.0041889  0.020373  -0.0028628  0.008477  0.0  0.0  0.0  0.0  0.0012376  0.00063996  0.0013089  0.000206  0.0  0.0  0.0  0.0  0.00066154  0.00011029  0.0011396  8.4708e-05  0.0  0.0  0.0  0.0  8.6101e-05  1.0905e-05  0.0  0.0
1815.0  -0.10738  0.19118  0.0  0.0  0.038031  0.063386  0.0013066  0.0041117  0.0  0.0  0.0  0.0  -0.0041999  0.020718  -0.0026396  0.0082815  0.0  0.0  0.0  0.0  0.0012825  0.00067531  0.0013569  0.0002207  0.0  0.0  0.0  0.0  0.00070209  0.0001217  0.0011996  9.3354e-05  0.0  0.0  0.0  0.0  9.1667e-05  1.2344e-05  0.0  0.0
1820.0  -0.10764  0.19034  0.0  0.0  0.037395  0.063535  0.0012964  0.0040422  0.0  0.0  0.0  0.0  -0.0042113  0.021062  -0.0024135  0.0080991  0.0  0.0  0.0  0.0  0.0013275  0.00071202  0.0014056  0.00023618  0.0  0.0  0.0  0.0  0.00074435  0.00013408  0.0012618  0.00010278  0.0  0.0  0.0  0.0  9.7463e-05  1.394e-05  0.0  0.0
1825.0  -0.10789  0.18944  0.0  0.0  0.036799  0.063635  0.0012906  0.0039771  0.0  0.0  0.0  0.0  -0.0042237  0.021406  -0.002185  0.0079289  0.0  0.0  0.0  0.0  0.0013724  0.00075007  0.0014547  0.00025246  0.0  0.0  0.0  0.0  0.00078837  0.00014749  0.0013259  0.00011303  0.0  0.0  0.0  0.0  0.00010349  1.57e-05  0.0  0.0
1830.0  -0.10813  0.18849  0.0  0.0  0.036242  0.063691  0.001289  0.0039162  0.0  0.0  0.0  0.0  -0.0042379  0.02175  -0.0019548  0.0077705  0.0  0.0  0.0  0.0  0.0014172  0.00078945  0.0015045  0.00026958  0.0  0.0  0.0  0.0  0.00083419  0.000162  0.0013921  0.00012419  0.0  0.0  0.0  0.0  0.00010976  1.7634e-05  0.0  0.0
1835.0  -0.10835  0.18749  0.0  0.0  0.035723  0.063711  0.001291  0.0038594  0.0  0.0  0.0  0.0  -0.0042545  0.022093  -0.0017233  0.0076232  0.0  0.0  0.0  0.0  0.0014619  0.00083011  0.0015547  0.00028756  0.0  0.0  0.0  0.0  0.00088186  0.00017767  0.0014603  0.00013632  0.0  0.0  0.0  0.0  0.00011627  1.9747e-05  0.0  0.0
1840.0  -0.10856  0.18646  0.0  0.0  0.035239  0.063701  0.0012964  0.0038066  0.0  0.0  0.0  0.0  -0.0042742  0.022436  -0.0014909  0.0074865  0.0  0.0  0.0  0.0  0.0015064  0.00087203  0.0016054  0.00030643  0.0  0.0  0.0  0.0  0.00093141  0.00019457  0.0015307  0.00014948  0.0  0.0  0.0  0.0  0.00012302  2.2049e-05  0.0  0.0
1845.0  -0.10876  0.1854  0.0  0.0  0.034788  0.063664  0.0013048  0.0037577  0.0  0.0  0.0  0.0  -0.0042975  0.022778  -0.001258  0.0073598  0.0  0.0  0.0  0.0  0.0015506  0.00091518  0.0016566  0.00032621  0.0  0.0  0.0  0.0  0.0009829  0.00021277  0.0016032  0.00016374  0.0  0.0  0.0  0.0  0.00013001  2.4546e-05  0.0  0.0
1850.0  -0.10894  0.1843  0.0  0.0  0.034368  0.063605  0.001316  0.0037127  0.0  0.0  0.0  0.0  -0.0043248  0.023118  -0.001025  0.0072428  0.0  0.0  0.0  0.0  0.0015945  0.00095951  0.0017082  0.00034694  0.0  0.0  0.0  0.0  0.0010364  0.00023235  0.0016778  0.0001792  0.0  0.0  0.0  0.0  0.00013725  2.7244e-05  0.0  0.0
1855.0  -0.10909  0.18319  0.0  0.0  0.033974  0.063526  0.0013296  0.0036713  0.0  0.0  0.0  0.0  -0.0043563  0.023456  -0.00079207  0.007135  0.0  0.0  0.0  0.0  0.0016381  0.001005  0.0017602  0.00036863  0.0  0.0  0.0  0.0  0.0010918  0.00025339  0.0017545  0.00019591  0.0  0.0  0.0  0.0  0.00014473  3.015e-05  0.0  0.0
1860.0  -0.10924  0.18206  0.0  0.0  0.033606  0.063429  0.0013456  0.0036336  0.0  0.0  0.0  0.0  -0.0043922  0.02379  -0.00055947  0.0070359  0.0  0.0  0.0  0.0  0.0016813  0.0010516  0.0018125  0.0003913  0.0  0.0  0.0  0.0  0.0011494  0.00027596  0.0018334  0.00021397  0.0  0.0  0.0  0.0  0.00015246  3.327e-05  0.0  0.0
1865.0  -0.10936  0.18092  0.0  0.0  0.033261  0.063315  0.0013635  0.0035994  0.0  0.0  0.0  0.0  -0.0044323  0.024121  -0.00032743  0.0069454  0.0  0.0  0.0  0.0  0.0017242  0.0010992  0.0018651  0.00041497  0.0  0.0  0.0  0.0  0.0012091  0.00030017  0.0019144  0.00023346  0.0  0.0  0.0  0.0  0.00016044  3.6609e-05  0.0  0.0
1870.0  -0.10947  0.17976  0.0  0.0  0.032938  0.063187  0.0013833  0.0035688  0.0  0.0  0.0  0.0  -0.0044766  0.024448  -9.6129e-05  0.0068629  0.0  0.0  0.0  0.0  0.0017667  0.0011478  0.001918  0.00043966  0.0  0.0  0.0  0.0  0.0012709  0.0003261  0.0019976  0.00025447  0.0  0.0  0.0  0.0  0.00016867  4.0173e-05  0.0  0.0
1875.0  -0.10956  0.1786  0.0  0.0  0.032634  0.063044  0.0014047  0.0035416  0.0  0.0  0.0  0.0  -0.0045248  0.024769  0.00013429  0.0067882  0.0  0.0  0.0  0.0  0.0018088  0.0011974  0.001971  0.00046537  0.0  0.0  0.0  0.0  0.0013349  0.00035385  0.0020829  0.00027709  0.0  0.0  0.0  0.0  0.00017714  4.3966e-05  0.0  0.0
1880.0  -0.10963  0.17742  0.0  0.0  0.03235  0.062886  0.0014275  0.0035177  0.0  0.0  0.0  0.0  -0.0045765  0.025085  0.00036371  0.006721  0.0  0.0  0.0  0.0  0.0018505  0.0012479  0.0020243  0.00049211  0.0  0.0  0.0  0.0  0.0014012  0.00038353  0.0021703  0.00030141  0.0  0.0  0.0  0.0  0.00018586  4.7994e-05  0.0  0.0
1885.0  -0.10969  0.17624  0.0  0.0  0.032083  0.062716  0.0014514  0.0034972  0.0  0.0  0.0  0.0  -0.0046314  0.025396  0.00059203  0.006661  0.0  0.0  0.0  0.0  0.0018917  0.0012992  0.0020776  0.0005199  0.0  0.0  0.0  0.0  0.0014697  0.00041525  0.0022599  0.00032752  0.0  0.0  0.0  0.0  0.00019483  5.226e-05  0.0  0.0
1890.0  -0.10972  0.17506  0.0  0.0  0.031835  0.062532  0.0014764  0.0034798  0.0  0.0  0.0  0.0  -0.0046888  0.0257  0.00081918  0.006608  0.0  0.0  0.0  0.0  0.0019326  0.0013514  0.002131  0.00054873  0.0  0.0  0.0  0.0  0.0015405  0.00044914  0.0023516  0.00035552  0.0  0.0  0.0  0.0  0.00020404  5.677e-05  0.0  0.0
1895.0  -0.10974  0.17387  0.0  0.0  0.031605  0.062336  0.0015022  0.0034656  0.0  0.0  0.0  0.0  -0.0047484  0.025997  0.0010451  0.0065617  0.0  0.0  0.0  0.0  0.001973  0.0014044  0.0021845  0.0005786  0.0  0.0  0.0  0.0  0.0016137  0.00048531  0.0024455  0.00038552  0.0  0.0  0.0  0.0  0.00021351  6.1528e-05  0.0  0.0
1900.0  -0.10974  0.17268  0.0  0.0  0.031392  0.062128  0.0015287  0.0034543  0.0  0.0  0.0  0.0  -0.0048094  0.026288  0.0012698  0.006522  0.0  0.0  0.0  0.0  0.002013  0.0014581  0.0022379  0.00060952  0.0  0.0  0.0  0.0  0.0016893  0.00052392  0.0025413  0.00041762  0.0  0.0  0.0  0.0  0.00022321  6.6537e-05  0.0  0.0
1905.0  -0.10972  0.17149  0.0  0.0  0.031197  0.061908  0.0015556  0.0034459  0.0  0.0  0.0  0.0  -0.0048715  0.026573  0.0014933  0.0064887  0.0  0.0  0.0  0.0  0.0020526  0.0015125  0.0022913  0.00064148  0.0  0.0  0.0  0.0  0.0017673  0.00056511  0.0026393  0.00045192  0.0  0.0  0.0  0.0  0.00023317  7.1803e-05  0.0  0.0
1910.0  -0.10969  0.1703  0.0  0.0  0.03102  0.061678  0.0015828  0.0034403  0.0  0.0  0.0  0.0  -0.004934  0.026851  0.0017155  0.0064617  0.0  0.0  0.0  0.0  0.0020917  0.0015676  0.0023446  0.00067448  0.0  0.0  0.0  0.0  0.0018477  0.00060904  0.0027393  0.00048854  0.0  0.0  0.0  0.0  0.00024336  7.733e-05  0.0  0.0
1915.0  -0.10963  0.16911  0.0  0.0  0.030861  0.061439  0.0016103  0.0034373  0.0  0.0  0.0  0.0  -0.0049964  0.027122  0.0019365  0.006441  0.0  0.0  0.0  0.0  0.0021305  0.0016234  0.0023978  0.00070851  0.0  0.0  0.0  0.0  0.0019305  0.00065588  0.0028413  0.00052758  0.0  0.0  0.0  0.0  0.00025381  8.3121e-05  0.0  0.0
1920.0  -0.10955  0.16793  0.0  0.0  0.03072  0.061191  0.0016378  0.0034367  0.0  0.0  0.0  0.0  -0.0050582  0.027388  0.0021562  0.0064263  0.0  0.0  0.0  0.0  0.0021689  0.0016798  0.0024508  0.00074356  0.0  0.0  0.0  0.0  0.0020158  0.00070581  0.0029452  0.00056917  0.0  0.0  0.0  0.0  0.00026449  8.9182e-05  0.0  0.0
1925.0  -0.10946  0.16676  0.0  0.0  0.030598  0.060937  0.0016654  0.0034384  0.0  0.0  0.0  0.0  -0.005119  0.027647  0.0023747  0.0064178  0.0  0.0  0.0  0.0  0.0022069  0.0017368  0.0025035  0.00077963  0.0  0.0  0.0  0.0  0.0021035  0.00075903  0.003051  0.00061342  0.0  0.0  0.0  0.0  0.00027542  9.5516e-05  0.0  0.0
1930.0  -0.10935  0.16559  0.0  0.0  0.030494  0.060676  0.0016928  0.0034424  0.0  0.0  0.0  0.0  -0.0051783  0.027901  0.002592  0.0064154  0.0  0.0  0.0  0.0  0.0022445  0.0017944  0.0025561  0.0008167  0.0  0.0  0.0  0.0  0.0021936  0.00081573  0.0031587  0.00066046  0.0  0.0  0.0  0.0  0.00028659  0.00010213  0.0  0.0
1935.0  -0.10921  0.16444  0.0  0.0  0.030408  0.060411  0.0017201  0.0034483  0.0  0.0  0.0  0.0  -0.0052357  0.028149  0.002808  0.0064192  0.0  0.0  0.0  0.0  0.0022818  0.0018525  0.0026083  0.00085475  0.0  0.0  0.0  0.0  0.0022861  0.00087614  0.0032683  0.0007104  0.0  0.0  0.0  0.0  0.000298  0.00010902  0.0  0.0
1940.0  -0.10907  0.16329  0.0  0.0  0.03034  0.060143  0.0017471  0.0034562  0.0  0.0  0.0  0.0  -0.005291  0.028393  0.0030227  0.0064291  0.0  0.0  0.0  0.0  0.0023186  0.0019112  0.0026601  0.00089379  0.0  0.0  0.0  0.0  0.0023809  0.00094048  0.0033795  0.00076338  0.0  0.0  0.0  0.0  0.00030964  0.0001162  0.0  0.0
1945.0  -0.1089  0.16217  0.0  0.0  0.03029  0.059872  0.001774  0.0034658  0.0  0.0  0.0  0.0  -0.005344  0.028632  0.0032361  0.0064454  0.0  0.0  0.0  0.0  0.0023551  0.0019705  0.0027117  0.00093377  0.0  0.0  0.0  0.0  0.002478  0.001009  0.0034925  0.00081951  0.0  0.0  0.0  0.0  0.00032153  0.00012368  0.0  0.0
1950.0  -0.10872  0.16105  0.0  0.0  0.030256  0.059601  0.0018006  0.003477  0.0  0.0  0.0  0.0  -0.0053944  0.028867  0.003448  0.006468  0.0  0.0  0.0  0.0  0.0023912  0.0020302  0.0027628  0.0009747  0.0  0.0  0.0  0.0  0.0025772  0.0010819  0.0036071  0.00087894  0.0  0.0  0.0  0.0  0.00033364  0.00013145  0.0  0.0
1955.0  -0.10853  0.15995  0.0  0.0  0.030239  0.05933  0.0018269  0.0034897  0.0  0.0  0.0  0.0  -0.0054422  0.029099  0.0036582  0.0064971  0.0  0.0  0.0  0.0  0.0024269  0.0020905  0.0028134  0.0010165  0.0  0.0  0.0  0.0  0.0026785  0.0011594  0.0037232  0.00094178  0.0  0.0  0.0  0.0  0.00034599  0.00013952  0.0  0.0
1960.0  -0.10832  0.15887  0.0  0.0  0.030237  0.05906  0.0018531  0.0035038  0.0  0.0  0.0  0.0  -0.0054873  0.029329  0.0038668  0.0065327  0.0  0.0  0.0  0.0  0.0024623  0.0021513  0.0028637  0.0010593  0.0  0.0  0.0  0.0  0.0027817  0.0012419  0.0038408  0.0010082  0.0  0.0  0.0  0.0  0.00035858  0.00014789  0.0  0.0
1965.0  -0.10811  0.1578  0.0  0.0  0.03025  0.058792  0.001879  0.0035193  0.0  0.0  0.0  0.0  -0.0055298  0.029556  0.0040734  0.0065749  0.0  0.0  0.0  0.0  0.0024972  0.0022125  0.0029134  0.0011029  0.0  0.0  0.0  0.0  0.0028867  0.0013295  0.0039598  0.0010783  0.0  0.0  0.0  0.0  0.00037139  0.00015658  0.0  0.0
1970.0  -0.10789  0.15676  0.0  0.0  0.030277  0.058527  0.0019046  0.003536  0.0  0.0  0.0  0.0  -0.0055696  0.029781  0.0042779  0.0066238  0.0  0.0  0.0  0.0  0.0025318  0.0022743  0.0029626  0.0011474  0.0  0.0  0.0  0.0  0.0029933  0.0014226  0.00408  0.0011522  0.0  0.0  0.0  0.0  0.00038443  0.00016558  0.0  0.0
1975.0  -0.10766  0.15572  0.0  0.0  0.030317  0.058265  0.0019301  0.0035539  0.0  0.0  0.0  0.0  -0.0056071  0.030004  0.00448  0.0066795  0.0  0.0  0.0  0.0  0.0025659  0.0023364  0.0030113  0.0011927  0.0  0.0  0.0  0.0  0.0031012  0.0015213  0.0042015  0.0012301  0.0  0.0  0.0  0.0  0.00039769  0.0001749  0.0  0.0
1980.0  -0.10743  0.15471  0.0  0.0  0.03037  0.058008  0.0019555  0.0035729  0.0  0.0  0.0  0.0  -0.0056422  0.030227  0.0046796  0.0067419  0.0  0.0  0.0  0.0  0.0025996  0.0023991  0.0030595  0.0012388  0.0  0.0  0.0  0.0  0.0032103  0.001626  0.0043241  0.0013121  0.0  0.0  0.0  0.0  0.00041118  0.00018454  0.0  0.0
1985.0  -0.1072  0.15371  0.0  0.0  0.030434  0.057755  0.0019807  0.003593  0.0  0.0  0.0  0.0  -0.0056754  0.03045  0.0048763  0.006811  0.0  0.0  0.0  0.0  0.0026329  0.0024621  0.0031071  0.0012857  0.0  0.0  0.0  0.0  0.0033202  0.0017368  0.0044477  0.0013984  0.0  0.0  0.0  0.0  0.00042489  0.00019451  0.0  0.0
1990.0  -0.10696  0.15272  0.0  0.0  0.030509  0.057507  0.0020058  0.0036141  0.0  0.0  0.0  0.0  -0.0057069  0.030672  0.0050699  0.006887  0.0  0.0  0.0  0.0  0.0026658  0.0025256  0.0031541  0.0013334  0.0  0.0  0.0  0.0  0.0034306  0.0018541  0.0045722  0.0014892  0.0  0.0  0.0  0.0  0.00043881  0.00020482  0.0  0.0
1995.0  -0.10673  0.15174  0.0  0.0  0.030595  0.057264  0.0020307  0.0036363  0.0  0.0  0.0  0.0  -0.0057371  0.030895  0.0052602  0.0069696  0.0  0.0  0.0  0.0  0.0026982  0.0025894  0.0032006  0.0013819  0.0  0.0  0.0  0.0  0.0035413  0.0019781  0.0046975  0.0015847  0.0  0.0  0.0  0.0  0.00045295  0.00021546  0.0  0.0
2000.0  -0.10649  0.15078  0.0  0.0  0.030689  0.057027  0.0020555  0.0036594  0.0  0.0  0.0  0.0  -0.0057666  0.031119  0.0054469  0.007059  0.0  0.0  0.0  0.0  0.0027302  0.0026536  0.0032465  0.0014312  0.0  0.0  0.0  0.0  0.0036518  0.0021089  0.0048234  0.001685  0.0  0.0  0.0  0.0  0.0004673  0.00022645  0.0  0.0
2005.0  -0.10626  0.14982  0.0  0.0  0.030793  0.056795  0.0020802  0.0036836  0.0  0.0  0.0  0.0  -0.0057957  0.031344  0.0056298  0.0071548  0.0  0.0  0.0  0.0  0.0027616  0.0027182  0.0032918  0.0014812  0.0  0.0  0.0  0.0  0.0037617  0.0022469  0.0049499  0.0017903  0.0  0.0  0.0  0.0  0.00048186  0.00023778  0.0  0.0
2010.0  -0.10602  0.14888  0.0  0.0  0.030904  0.056568  0.0021048  0.0037087  0.0  0.0  0.0  0.0  -0.005825  0.031571  0.0058085  0.0072572  0.0  0.0  0.0  0.0  0.0027926  0.0027831  0.0033366  0.001532  0.0  0.0  0.0  0.0  0.0038705  0.0023921  0.0050767  0.001901  0.0  0.0  0.0  0.0  0.00049661  0.00024947  0.0  0.0
2015.0  -0.10578  0.14794  0.0  0.0  0.031023  0.056348  0.0021291  0.0037348  0.0  0.0  0.0  0.0  -0.0058553  0.031799  0.005983  0.0073659  0.0  0.0  0.0  0.0  0.0028231  0.0028483  0.0033807  0.0015836  0.0  0.0  0.0  0.0  0.0039779  0.0025448  0.0052037  0.0020173  0.0  0.0  0.0  0.0  0.00051157  0.00026151  0.0  0.0
2020.0  -0.10555  0.147  0.0  0.0  0.031149  0.056132  0.0021533  0.0037618  0.0  0.0  0.0  0.0  -0.0058871  0.032029  0.0061529  0.0074809  0.0  0.0  0.0  0.0  0.0028531  0.0029137  0.0034243  0.0016359  0.0  0.0  0.0  0.0  0.0040831  0.002705  0.0053306  0.0021393  0.0  0.0  0.0  0.0  0.00052671  0.00027391  0.0  0.0
2025.0  -0.10531  0.14607  0.0  0.0  0.031281  0.055922  0.0021773  0.0037898  0.0  0.0  0.0  0.0  -0.0059212  0.03226  0.0063181  0.007602  0.0  0.0  0.0  0.0  0.0028826  0.0029794  0.0034672  0.0016892  0.0  0.0  0.0  0.0  0.0041857  0.0028727  0.0054572  0.0022675  0.0  0.0  0.0  0.0  0.00054204  0.00028668  0.0  0.0
2030.0  -0.10507  0.14514  0.0  0.0  0.03142  0.055718  0.002201  0.0038186  0.0  0.0  0.0  0.0  -0.0059584  0.032493  0.0064784  0.007729  0.0  0.0  0.0  0.0  0.0029115  0.0030453  0.0035095  0.0017432  0.0  0.0  0.0  0.0  0.004285  0.0030481  0.0055831  0.002402  0.0  0.0  0.0  0.0  0.00055755  0.00029982  0.0  0.0
2035.0  -0.10482  0.14421  0.0  0.0  0.031565  0.055518  0.0022245  0.0038483  0.0  0.0  0.0  0.0  -0.0059993  0.032728  0.0066336  0.0078619  0.0  0.0  0.0  0.0  0.0029399  0.0031114  0.003551  0.0017982  0.0  0.0  0.0  0.0  0.0043804  0.0032311  0.005708  0.0025433  0.0  0.0  0.0  0.0  0.00057323  0.00031333  0.0  0.0
2040.0  -0.10457  0.14329  0.0  0.0  0.031715  0.055324  0.0022476  0.0038788  0.0  0.0  0.0  0.0  -0.0060446  0.032963  0.0067836  0.0080005  0.0  0.0  0.0  0.0  0.0029678  0.0031776  0.0035918  0.0018541  0.0  0.0  0.0  0.0  0.0044713  0.0034215  0.0058315  0.0026915  0.0  0.0  0.0  0.0  0.00058908  0.00032722  0.0  0.0
2045.0  -0.10431  0.14236  0.0  0.0  0.03187  0.055135  0.0022704  0.0039101  0.0  0.0  0.0  0.0  -0.006095  0.033198  0.0069282  0.0081448  0.0  0.0  0.0  0.0  0.0029951  0.003244  0.0036318  0.0019109  0.0  0.0  0.0  0.0  0.0045569  0.0036193  0.005953  0.002847  0.0  0.0  0.0  0.0  0.00060509  0.0003415  0.0  0.0
2050.0  -0.10404  0.14144  0.0  0.0  0.032031  0.05495  0.0022928  0.0039422  0.0  0.0  0.0  0.0  -0.0061511  0.033433  0.0070673  0.0082944  0.0  0.0  0.0  0.0  0.0030219  0.0033104  0.0036709  0.0019687  0.0  0.0  0.0  0.0  0.0046366  0.003824  0.006072  0.00301  0.0  0.0  0.0  0.0  0.00062124  0.00035616  0.0  0.0
2055.0  -0.10377  0.14052  0.0  0.0  0.032198  0.05477  0.0023148  0.003975  0.0  0.0  0.0  0.0  -0.0062133  0.033667  0.0072007  0.0084495  0.0  0.0  0.0  0.0  0.0030482  0.0033769  0.003709  0.0020275  0.0  0.0  0.0  0.0  0.0047097  0.0040354  0.0061879  0.0031807  0.0  0.0  0.0  0.0  0.00063753  0.00037122  0.0  0.0
2060.0  -0.10348  0.13961  0.0  0.0  0.03237  0.054594  0.0023363  0.0040084  0.0  0.0  0.0  0.0  -0.006282  0.033899  0.0073283  0.0086099  0.0  0.0  0.0  0.0  0.0030739  0.0034435  0.0037461  0.0020873  0.0  0.0  0.0  0.0  0.0047755  0.0042531  0.0062999  0.0033593  0.0  0.0  0.0  0.0  0.00065394  0.00038667  0.0  0.0
2065.0  -0.10319  0.1387  0.0  0.0  0.032547  0.054423  0.0023573  0.0040424  0.0  0.0  0.0  0.0  -0.0063572  0.034128  0.0074499  0.0087755  0.0  0.0  0.0  0.0  0.0030991  0.0035101  0.003782  0.0021481  0.0  0.0  0.0  0.0  0.0048334  0.0044764  0.0064072  0.0035458  0.0  0.0  0.0  0.0  0.00067048  0.00040253  0.0  0.0
2070.0  -0.10288  0.13779  0.0  0.0  0.03273  0.054256  0.0023779  0.004077  0.0  0.0  0.0  0.0  -0.0064391  0.034353  0.0075654  0.0089463  0.0  0.0  0.0  0.0  0.0031238  0.0035766  0.0038165  0.0022098  0.0  0.0  0.0  0.0  0.0048828  0.0047049  0.0065091  0.0037402  0.0  0.0  0.0  0.0  0.00068711  0.00041879  0.0  0.0
2075.0  -0.10256  0.13689  0.0  0.0  0.032919  0.054094  0.0023979  0.0041122  0.0  0.0  0.0  0.0  -0.0065274  0.034573  0.0076745  0.0091222  0.0  0.0  0.0  0.0  0.0031479  0.0036431  0.0038497  0.0022725  0.0  0.0  0.0  0.0  0.0049231  0.0049378  0.0066045  0.0039425  0.0  0.0  0.0  0.0  0.00070383  0.00043546  0.0  0.0
2080.0  -0.10222  0.13599  0.0  0.0  0.033114  0.053937  0.0024175  0.0041478  0.0  0.0  0.0  0.0  -0.0066217  0.034787  0.0077771  0.0093032  0.0  0.0  0.0  0.0  0.0031716  0.0037096  0.0038814  0.0023361  0.0  0.0  0.0  0.0  0.0049538  0.0051743  0.0066926  0.0041523  0.0  0.0  0.0  0.0  0.00072064  0.00045255  0.0  0.0
2085.0  -0.10187  0.1351  0.0  0.0  0.033315  0.053784  0.0024364  0.0041839  0.0  0.0  0.0  0.0  -0.0067215  0.034995  0.007873  0.0094893  0.0  0.0  0.0  0.0  0.0031947  0.003776  0.0039114  0.0024005  0.0  0.0  0.0  0.0  0.0049746  0.0054137  0.0067723  0.0043693  0.0  0.0  0.0  0.0  0.0007375  0.00047006  0.0  0.0
2090.0  -0.10151  0.13422  0.0  0.0  0.033523  0.053636  0.0024548  0.0042203  0.0  0.0  0.0  0.0  -0.006826  0.035195  0.0079619  0.0096804  0.0  0.0  0.0  0.0  0.0032174  0.0038423  0.0039396  0.0024656  0.0  0.0  0.0  0.0  0.0049852  0.0056551  0.0068428  0.0045928  0.0  0.0  0.0  0.0  0.00075441  0.00048799  0.0  0.0
2095.0  -0.10113  0.13335  0.0  0.0  0.033737  0.053494  0.0024726  0.0042571  0.0  0.0  0.0  0.0  -0.0069345  0.035386  0.0080434  0.0098765  0.0  0.0  0.0  0.0  0.0032396  0.0039086  0.0039659  0.0025314  0.0  0.0  0.0  0.0  0.0049853  0.0058974  0.0069031  0.0048223  0.0  0.0  0.0  0.0  0.00077134  0.00050635  0.0  0.0
2100.0  -0.10074  0.13249  0.0  0.0  0.033958  0.053358  0.0024898  0.0042942  0.0  0.0  0.0  0.0  -0.007046  0.035569  0.0081172  0.010078  0.0  0.0  0.0  0.0  0.0032613  0.0039748  0.0039903  0.0025976  0.0  0.0  0.0  0.0  0.0049748  0.0061397  0.0069523  0.0050568  0.0  0.0  0.0  0.0  0.00078829  0.00052514  0.0  0.0
2105.0  -0.10033  0.13165  0.0  0.0  0.034186  0.053228  0.0025065  0.0043316  0.0  0.0  0.0  0.0  -0.0071594  0.035743  0.0081829  0.010284  0.0  0.0  0.0  0.0  0.0032826  0.0040408  0.0040125  0.0026642  0.0  0.0  0.0  0.0  0.0049538  0.006381  0.0069898  0.0052953  0.0  0.0  0.0  0.0  0.00080522  0.00054436  0.0  0.0
2110.0  -0.099908  0.13082  0.0  0.0  0.034422  0.053105  0.0025225  0.0043691  0.0  0.0  0.0  0.0  -0.0072737  0.035908  0.00824  0.010494  0.0  0.0  0.0  0.0  0.0033035  0.0041068  0.0040325  0.002731  0.0  0.0  0.0  0.0  0.0049223  0.0066202  0.007015  0.0055365  0.0  0.0  0.0  0.0  0.00082213  0.00056401  0.0  0.0
2115.0  -0.099475  0.13001  0.0  0.0  0.034664  0.052989  0.0025379  0.0044069  0.0  0.0  0.0  0.0  -0.0073878  0.036063  0.008288  0.01071  0.0  0.0  0.0  0.0  0.0033239  0.0041728  0.0040503  0.0027977  0.0  0.0  0.0  0.0  0.0048807  0.0068565  0.0070274  0.0057793  0.0  0.0  0.0  0.0  0.00083899  0.0005841  0.0  0.0
2120.0  -0.09903  0.12922  0.0  0.0  0.034914  0.052881  0.0025527  0.0044449  0.0  0.0  0.0  0.0  -0.0075008  0.03621  0.0083265  0.010929  0.0  0.0  0.0  0.0  0.0033438  0.0042387  0.0040659  0.0028643  0.0  0.0  0.0  0.0  0.0048294  0.0070887  0.007027  0.0060221  0.0  0.0  0.0  0.0  0.00085579  0.00060463  0.0  0.0
2125.0  -0.098575  0.12844  0.0  0.0  0.035171  0.052781  0.0025669  0.0044829  0.0  0.0  0.0  0.0  -0.0076115  0.036348  0.0083547  0.011153  0.0  0.0  0.0  0.0  0.0033634  0.0043045  0.0040792  0.0029304  0.0  0.0  0.0  0.0  0.0047689  0.007316  0.0070137  0.0062637  0.0  0.0  0.0  0.0  0.00087249  0.00062559  0.0  0.0
2130.0  -0.098111  0.12769  0.0  0.0  0.035436  0.052691  0.0025805  0.004521  0.0  0.0  0.0  0.0  -0.0077192  0.036477  0.0083721  0.01138  0.0  0.0  0.0  0.0  0.0033824  0.0043703  0.0040904  0.0029959  0.0  0.0  0.0  0.0  0.0046998  0.0075375  0.0069877  0.0065026  0.0  0.0  0.0  0.0  0.00088908  0.00064698  0.0  0.0
2135.0  -0.09764  0.12696  0.0  0.0  0.035707  0.05261  0.0025935  0.0045592  0.0  0.0  0.0  0.0  -0.007823  0.0366  0.0083782  0.011611  0.0  0.0  0.0  0.0  0.0034011  0.0044361  0.0040993  0.0030606  0.0  0.0  0.0  0.0  0.004623  0.0077525  0.0069497  0.0067375  0.0  0.0  0.0  0.0  0.00090553  0.00066879  0.0  0.0
2140.0  -0.097164  0.12625  0.0  0.0  0.035985  0.052541  0.002606  0.0045974  0.0  0.0  0.0  0.0  -0.0079222  0.036715  0.0083723  0.011843  0.0  0.0  0.0  0.0  0.0034193  0.004502  0.0041063  0.0031243  0.0  0.0  0.0  0.0  0.0045393  0.0079602  0.0069004  0.0069673  0.0  0.0  0.0  0.0  0.00092183  0.00069102  0.0  0.0
2145.0  -0.096684  0.12556  0.0  0.0  0.03627  0.052482  0.0026178  0.0046356  0.0  0.0  0.0  0.0  -0.0080164  0.036825  0.008354  0.012077  0.0  0.0  0.0  0.0  0.003437  0.0045678  0.0041113  0.0031868  0.0  0.0  0.0  0.0  0.0044497  0.0081603  0.0068406  0.0071907  0.0  0.0  0.0  0.0  0.00093796  0.00071366  0.0  0.0
2150.0  -0.096203  0.12489  0.0  0.0  0.036561  0.052436  0.0026292  0.0046738  0.0  0.0  0.0  0.0  -0.0081049  0.03693  0.0083228  0.012312  0.0  0.0  0.0  0.0  0.0034542  0.0046337  0.0041145  0.0032479  0.0  0.0  0.0  0.0  0.0043551  0.0083523  0.0067715  0.0074071  0.0  0.0  0.0  0.0  0.00095389  0.0007367  0.0  0.0
2155.0  -0.095723  0.12425  0.0  0.0  0.036857  0.052401  0.00264  0.0047119  0.0  0.0  0.0  0.0  -0.0081877  0.03703  0.0082787  0.012546  0.0  0.0  0.0  0.0  0.0034708  0.0046997  0.0041162  0.0033076  0.0  0.0  0.0  0.0  0.0042568  0.008536  0.0066941  0.0076157  0.0  0.0  0.0  0.0  0.00096962  0.00076013  0.0  0.0
2160.0  -0.095245  0.12362  0.0  0.0  0.037158  0.05238  0.0026503  0.00475  0.0  0.0  0.0  0.0  -0.0082644  0.037127  0.0082213  0.012779  0.0  0.0  0.0  0.0  0.003487  0.0047657  0.0041165  0.0033657  0.0  0.0  0.0  0.0  0.0041557  0.0087116  0.0066098  0.0078161  0.0  0.0  0.0  0.0  0.00098511  0.00078393  0.0  0.0
2165.0  -0.094772  0.12302  0.0  0.0  0.037464  0.052373  0.0026601  0.0047881  0.0  0.0  0.0  0.0  -0.0083352  0.037222  0.0081509  0.013009  0.0  0.0  0.0  0.0  0.0035026  0.0048318  0.0041156  0.0034221  0.0  0.0  0.0  0.0  0.0040528  0.0088789  0.0065198  0.0080082  0.0  0.0  0.0  0.0  0.0010004  0.00080809  0.0  0.0
2170.0  -0.094306  0.12244  0.0  0.0  0.037773  0.052379  0.0026695  0.0048261  0.0  0.0  0.0  0.0  -0.0083999  0.037316  0.0080677  0.013235  0.0  0.0  0.0  0.0  0.0035175  0.004898  0.0041138  0.0034768  0.0  0.0  0.0  0.0  0.0039491  0.0090385  0.0064253  0.0081921  0.0  0.0  0.0  0.0  0.0010154  0.00083258  0.0  0.0
2175.0  -0.093849  0.12188  0.0  0.0  0.038086  0.052399  0.0026784  0.0048641  0.0  0.0  0.0  0.0  -0.0084588  0.037408  0.0079722  0.013456  0.0  0.0  0.0  0.0  0.0035319  0.0049643  0.0041112  0.0035298  0.0  0.0  0.0  0.0  0.0038454  0.0091906  0.0063273  0.0083679  0.0  0.0  0.0  0.0  0.0010301  0.00085741  0.0  0.0
2180.0  -0.093401  0.12133  0.0  0.0  0.038402  0.052433  0.002687  0.004902  0.0  0.0  0.0  0.0  -0.0085122  0.037501  0.0078652  0.01367  0.0  0.0  0.0  0.0  0.0035456  0.0050307  0.0041082  0.0035811  0.0  0.0  0.0  0.0  0.0037426  0.0093358  0.0062269  0.0085361  0.0  0.0  0.0  0.0  0.0010446  0.00088254  0.0  0.0
2185.0  -0.092965  0.1208  0.0  0.0  0.03872  0.052482  0.0026952  0.0049399  0.0  0.0  0.0  0.0  -0.0085604  0.037594  0.0077475  0.013878  0.0  0.0  0.0  0.0  0.0035586  0.0050972  0.0041049  0.0036307  0.0  0.0  0.0  0.0  0.0036413  0.0094748  0.006125  0.0086973  0.0  0.0  0.0  0.0  0.0010589  0.00090797  0.0  0.0
2190.0  -0.092542  0.12028  0.0  0.0  0.039039  0.052545  0.002703  0.0049779  0.0  0.0  0.0  0.0  -0.0086038  0.037689  0.0076202  0.014078  0.0  0.0  0.0  0.0  0.0035708  0.0051637  0.0041015  0.0036788  0.0  0.0  0.0  0.0  0.003542  0.0096083  0.0060221  0.0088522  0.0  0.0  0.0  0.0  0.0010728  0.00093367  0.0  0.0
2195.0  -0.092131  0.11977  0.0  0.0  0.039361  0.052623  0.0027104  0.0050158  0.0  0.0  0.0  0.0  -0.0086429  0.037786  0.0074843  0.014269  0.0  0.0  0.0  0.0  0.0035823  0.0052302  0.0040982  0.0037255  0.0  0.0  0.0  0.0  0.003445  0.0097369  0.0059189  0.0090014  0.0  0.0  0.0  0.0  0.0010865  0.00095963  0.0  0.0
2200.0  -0.091734  0.11927  0.0  0.0  0.039683  0.052716  0.0027175  0.0050539  0.0  0.0  0.0  0.0  -0.0086781  0.037885  0.0073412  0.014452  0.0  0.0  0.0  0.0  0.0035931  0.0052968  0.0040953  0.0037708  0.0  0.0  0.0  0.0  0.0033506  0.0098615  0.0058157  0.0091459  0.0  0.0  0.0  0.0  0.0011  0.00098584  0.0  0.0
