#Partial waves for pi + N -> pi + N 
#columns: W S11  S31  P11  P13  P31  P33  D13  D15  D33  D35  F15  F17  F35  F37  G17  G19  G37  G39  H19  H39
1080.0  0.031656  0.00099445  -0.019233  0.00036374  -0.00033207  -6.5318e-07  -0.00041715  1.1354e-07  -0.00049549  7.624e-08  0.0015335  2.4774e-06  1.7869e-06  -1.2035e-09  7.2362e-08  -2.1347e-09  -8.4305e-07  -3.8025e-10  -3.0237e-06  -7.2857e-10  -2.5913e-09  -5.7298e-11  -1.0925e-08  -4.5031e-11  -1.0747e-08  -1.5065e-11  -4.9013e-09  -1.2286e-11  -4.8071e-11  -8.0152e-14  -5.3902e-11  -7.05e-13  -6.5836e-11  -2.8241e-14  -7.9748e-11  -1.6663e-13  8.6637e-14  1.9562e-14  -8.1227e-13  4.7788e-15
1085.0  0.052096  0.0025608  -0.031919  0.0009535  -0.0014118  -2.1814e-06  -0.0017318  2.5489e-06  -0.0020934  3.1784e-06  0.0068249  4.409e-05  2.0044e-05  -2.9052e-08  1.1891e-06  -3.1861e-08  -9.2636e-06  -8.5386e-09  -3.3334e-05  -9.3206e-09  -7.8685e-08  -9.7591e-10  -3.1754e-07  -2.0581e-09  -3.1488e-07  -2.6192e-10  -1.4417e-07  -5.5268e-10  -3.7895e-09  6.737e-11  -4.2095e-09  -9.1367e-11  -5.1304e-09  1.6368e-11  -6.19e-09  -2.2437e-11  -7.3795e-11  6.1396e-12  -9.1818e-11  1.5173e-12
1090.0  0.066433  0.0044588  -0.041516  0.0017264  -0.0028393  -2.3378e-06  -0.003422  1.1024e-05  -0.0042111  1.5286e-05  0.014467  0.00020985  6.5435e-05  -1.1644e-07  5.1916e-06  -1.3762e-07  -2.947e-05  -3.4516e-08  -0.00010656  -3.1548e-08  -4.1458e-07  1.5396e-09  -1.6299e-06  -1.4621e-08  -1.6287e-06  3.2778e-10  -7.4548e-07  -3.9181e-09  -3.185e-08  1.1843e-09  -3.5348e-08  -1.0678e-09  -4.2929e-08  2.943e-10  -5.168e-08  -2.6745e-10  -1.009e-09  1.0502e-10  -1.2175e-09  2.614e-11
1095.0  0.077841  0.0062828  -0.049984  0.0025666  -0.0044694  -4.6968e-07  -0.005322  2.7338e-05  -0.0066701  4.0549e-05  0.024133  0.00059661  0.00014368  -2.1136e-07  1.4377e-05  -3.9107e-07  -6.2764e-05  -6.7248e-08  -0.00022838  -6.5052e-08  -1.2263e-06  3.149e-08  -4.7761e-06  -5.5189e-08  -4.8072e-06  7.8593e-09  -2.1918e-06  -1.4822e-08  -1.2939e-07  7.3059e-09  -1.4445e-07  -5.594e-09  -1.7454e-07  1.8321e-09  -2.0993e-07  -1.4208e-09  -5.6054e-09  7.0685e-10  -6.7775e-09  1.7716e-10
1100.0  0.087492  0.0079433  -0.057865  0.0034403  -0.0062101  2.8182e-06  -0.0073424  5.1424e-05  -0.0093757  8.1069e-05  0.035716  0.0013047  0.00025896  -9.947e-08  3.1347e-05  -8.898e-07  -0.00010926  -5.4709e-08  -0.00040061  -9.9799e-08  -2.6934e-06  1.4613e-07  -1.0566e-05  -1.502e-07  -1.0706e-05  3.6956e-08  -4.8468e-06  -4.0462e-08  -3.6411e-07  2.8036e-08  -4.1177e-07  -1.936e-08  -4.9388e-07  7.0734e-09  -5.943e-07  -4.9694e-09  -1.9902e-08  3.0717e-09  -2.427e-08  7.7501e-10
1105.0  0.09593  0.0094857  -0.065395  0.0043639  -0.0079923  6.8405e-06  -0.0094258  8.264e-05  -0.012267  0.00013866  0.049207  0.0024585  0.00041482  6.6534e-07  5.8848e-05  -1.7488e-06  -0.00016839  1.1414e-07  -0.00062289  -1.1669e-07  -4.9039e-06  4.5007e-07  -1.9738e-05  -3.3167e-07  -2.0113e-05  1.1431e-07  -9.0167e-06  -8.9558e-08  -8.1832e-07  8.2307e-08  -9.4602e-07  -5.1122e-08  -1.1225e-06  2.0852e-08  -1.3537e-06  -1.3226e-08  -5.3482e-08  1.0282e-08  -6.6445e-08  2.6077e-09
1110.0  0.10342  0.01095  -0.072712  0.0053605  -0.0097611  1.1559e-05  -0.011533  0.00012026  -0.015301  0.00021545  0.064647  0.0042192  0.0006146  2.8206e-06  9.9621e-05  -3.0616e-06  -0.00023913  6.2495e-07  -0.00089354  -7.7928e-08  -7.7948e-06  1.1071e-06  -3.2935e-05  -6.239e-07  -3.3707e-05  2.8145e-07  -1.4929e-05  -1.6875e-07  -1.5735e-06  2.0139e-07  -1.8832e-06  -1.0934e-07  -2.201e-06  5.1139e-08  -2.6665e-06  -2.8456e-08  -1.1767e-07  2.8042e-08  -1.5158e-07  7.1337e-09
1115.0  0.11011  0.012348  -0.079903  0.0064467  -0.011471  1.8015e-05  -0.013639  0.00016364  -0.018447  0.00031379  0.082105  0.0067903  0.00086182  7.3952e-06  0.0001563  -4.8192e-06  -0.00032013  1.7384e-06  -0.0012101  9.1659e-08  -1.1078e-05  2.3297e-06  -5.0696e-05  -1.0164e-06  -5.2026e-05  5.9171e-07  -2.2722e-05  -2.7537e-07  -2.687e-06  4.2424e-07  -3.3826e-06  -1.9374e-07  -3.8784e-06  1.0778e-07  -4.7333e-06  -5.0671e-08  -2.2132e-07  6.3109e-08  -3.0281e-07  1.6074e-08
1120.0  0.1161  0.013672  -0.087031  0.0076323  -0.013084  2.8581e-05  -0.015723  0.00021244  -0.021683  0.00043616  0.10166  0.010422  0.0011604  1.5575e-05  0.0002314  -6.8111e-06  -0.00040979  3.7564e-06  -0.0015695  5.2627e-07  -1.4166e-05  4.3198e-06  -7.3433e-05  -1.4298e-06  -7.5447e-05  1.0946e-06  -3.2429e-05  -3.8848e-07  -4.1683e-06  7.7643e-07  -5.6163e-06  -2.8361e-07  -6.3011e-06  1.9707e-07  -7.768e-06  -7.4578e-08  -3.6652e-07  1.1681e-07  -5.471e-07  2.9752e-08
1125.0  0.12146  0.014908  -0.094134  0.0089224  -0.014565  4.6841e-05  -0.017774  0.00026689  -0.024992  0.000585  0.12338  0.015418  0.001515  2.8397e-05  0.00032735  -8.5581e-06  -0.00050631  6.9441e-06  -0.0019686  1.431e-06  -1.6145e-05  7.1518e-06  -0.00010139  -1.6931e-06  -0.00010418  1.8058e-06  -4.3975e-05  -4.6316e-07  -5.9704e-06  1.2315e-06  -8.7489e-06  -3.2908e-07  -9.6069e-06  3.1184e-07  -1.1987e-05  -8.7298e-08  -5.4913e-07  1.737e-07  -9.1524e-07  4.4192e-08
1130.0  0.12624  0.016043  -0.10124  0.01032  -0.015883  7.6999e-05  -0.019784  0.00032782  -0.02836  0.00076262  0.14735  0.022143  0.0019307  4.6332e-05  0.00044664  -9.3314e-06  -0.00060772  1.1423e-05  -0.0024039  3.0717e-06  -1.5823e-05  1.0627e-05  -0.0001346  -1.5533e-06  -0.00013827  2.6709e-06  -5.7157e-05  -4.3301e-07  -8.0121e-06  1.6676e-06  -1.2912e-05  -2.5281e-07  -1.3926e-05  4.2055e-07  -1.7598e-05  -6.88e-08  -7.6869e-07  1.899e-07  -1.444e-06  4.8198e-08
1135.0  0.1305  0.01707  -0.10837  0.011827  -0.017005  0.00012289  -0.021745  0.00039652  -0.031775  0.00097091  0.17361  0.031035  0.0024131  6.889e-05  0.00059193  -8.2727e-06  -0.00071203  1.7068e-05  -0.0028717  5.7398e-06  -1.1893e-05  1.4163e-05  -0.00017282  -7.231e-07  -0.00017769  3.5381e-06  -7.1641e-05  -2.2289e-07  -1.0233e-05  1.8425e-06  -1.8184e-05  3.4302e-08  -1.9393e-05  4.6123e-07  -2.4789e-05  4.0699e-09  -1.0475e-06  8.935e-08  -2.1804e-06  2.2428e-08
1140.0  0.13429  0.017984  -0.11552  0.013445  -0.017901  0.00018692  -0.023654  0.00047443  -0.035227  0.0012112  0.20217  0.042619  0.0029674  9.4424e-05  0.00076602  -4.5834e-06  -0.00081736  2.3454e-05  -0.0033685  9.7006e-06  -3.1528e-06  1.678e-05  -0.00021557  1.044e-06  -0.00022235  4.157e-06  -8.6966e-05  2.3187e-07  -1.2665e-05  1.4103e-06  -2.4576e-05  6.076e-07  -2.616e-05  3.4608e-07  -3.3722e-05  1.5105e-07  -1.4524e-06  -2.2538e-07  -3.1866e-06  -5.7758e-08
1145.0  0.13763  0.018792  -0.12271  0.015177  -0.01854  0.00026923  -0.025505  0.00056268  -0.038707  0.0014841  0.23298  0.05752  0.0035982  0.00012023  0.00097185  2.2888e-06  -0.00092213  2.9875e-05  -0.0038908  1.5145e-05  1.1278e-05  1.7219e-05  -0.00026215  3.8825e-06  -0.0002722  4.2094e-06  -0.00010256  9.6693e-07  -1.5488e-05  -1.4857e-08  -3.2048e-05  1.504e-06  -3.4413e-05  -2.209e-08  -4.4534e-05  3.822e-07  -2.1075e-06  -8.4704e-07  -4.5424e-06  -2.1567e-07
1150.0  0.14056  0.0195  -0.12993  0.017025  -0.018895  0.00036746  -0.027298  0.00066188  -0.042209  0.0017893  0.26587  0.076473  0.0043087  0.00014294  0.0012123  1.2534e-05  -0.0010252  3.5436e-05  -0.004435  2.2157e-05  3.1825e-05  1.416e-05  -0.00031173  7.7736e-06  -0.00032725  3.3667e-06  -0.00011778  1.9786e-06  -1.9048e-05  -2.7649e-06  -4.0523e-05  2.7088e-06  -4.4368e-05  -7.2589e-07  -5.7341e-05  6.9456e-07  -3.1893e-06  -1.8312e-06  -6.3429e-06  -4.6502e-07
1155.0  0.14313  0.020124  -0.13718  0.018993  -0.018938  0.00047697  -0.029028  0.00077194  -0.045725  0.002126  0.30056  0.10033  0.0051006  0.00015905  0.0014898  2.5962e-05  -0.0011258  3.9188e-05  -0.0049978  3.0714e-05  5.8459e-05  6.4751e-06  -0.00036344  1.2548e-05  -0.00038759  1.3533e-06  -0.0001319  3.2246e-06  -2.3815e-05  -7.0268e-06  -4.9915e-05  4.1583e-06  -5.6262e-05  -1.8105e-06  -7.2236e-05  1.0728e-06  -4.9024e-06  -3.1703e-06  -8.6919e-06  -8.035e-07
1160.0  0.14536  0.020676  -0.14446  0.021082  -0.018646  0.00059158  -0.030696  0.00089216  -0.049251  0.0024927  0.3365  0.13004  0.0059745  0.00016552  0.0018068  4.208e-05  -0.0012237  4.0258e-05  -0.0055763  4.0704e-05  9.0811e-05  -6.564e-06  -0.00041641  1.792e-05  -0.00045335  -2.0011e-06  -0.00014419  4.6327e-06  -3.0301e-05  -1.2786e-05  -6.0145e-05  5.7545e-06  -7.0335e-05  -3.2696e-06  -8.9301e-05  1.4931e-06  -7.4446e-06  -4.7847e-06  -1.1692e-05  -1.2106e-06
1165.0  0.14729  0.021174  -0.15175  0.023296  -0.017997  0.00070442  -0.032301  0.0010214  -0.052782  0.0028877  0.37289  0.16665  0.0069295  0.00016014  0.0021649  6.0196e-05  -0.0013191  3.7961e-05  -0.0061675  5.195e-05  0.00012837  -2.517e-05  -0.00046986  2.3544e-05  -0.00052467  -6.7338e-06  -0.0001539  6.1143e-06  -3.8973e-05  -1.9815e-05  -7.1143e-05  7.3827e-06  -8.6798e-05  -5.0435e-06  -0.0001086  1.9272e-06  -1.0975e-05  -6.5325e-06  -1.5436e-05  -1.6503e-06
1170.0  0.14896  0.021634  -0.15906  0.025635  -0.016975  0.00080883  -0.033843  0.0011582  -0.056315  0.0033089  0.4085  0.2112  0.0079644  0.0001418  0.0025653  7.9544e-05  -0.0014125  3.1846e-05  -0.0067691  6.4247e-05  0.00017065  -4.9031e-05  -0.00052308  2.9053e-05  -0.00060165  -1.2748e-05  -0.00016025  7.5752e-06  -5.0173e-05  -2.7709e-05  -8.2848e-05  8.9263e-06  -0.00010582  -7.0274e-06  -0.00013018  2.3461e-06  -1.5591e-05  -8.2329e-06  -2.0002e-05  -2.0768e-06
1175.0  0.15038  0.022071  -0.16636  0.0281  -0.015564  0.00089902  -0.035324  0.001301  -0.059849  0.0037546  0.44166  0.26462  0.0090774  0.00011057  0.0030089  9.9358e-05  -0.0015044  2.1723e-05  -0.0073787  7.7379e-05  0.0002174  -7.7377e-05  -0.00057541  3.4096e-05  -0.00068435  -1.9832e-05  -0.00016247  8.9234e-06  -6.4072e-05  -3.5941e-05  -9.5197e-05  1.0274e-05  -0.00012753  -9.0863e-06  -0.00015407  2.7218e-06  -2.1326e-05  -9.6917e-06  -2.5447e-05  -2.4411e-06
1180.0  0.15161  0.0225  -0.17365  0.030692  -0.013749  0.00097068  -0.036746  0.0014483  -0.06338  0.0042228  0.47011  0.32753  0.010267  6.7548e-05  0.0034962  0.00011892  -0.0015955  7.6343e-06  -0.0079943  9.1131e-05  0.00026864  -0.00010909  -0.00062623  3.8349e-05  -0.00077269  -2.7686e-05  -0.00015979  1.0073e-05  -8.0655e-05  -4.3922e-05  -0.00010812  1.1321e-05  -0.00015197  -1.107e-05  -0.00018029  3.0273e-06  -2.8151e-05  -1.0723e-05  -3.1817e-05  -2.6966e-06
1185.0  0.15266  0.022933  -0.18092  0.033409  -0.011518  0.0010213  -0.038112  0.0015984  -0.066909  0.0047121  0.49106  0.4  0.011532  1.4827e-05  0.0040272  0.00013758  -0.0016867  -1.0172e-05  -0.0086142  0.0001053  0.00032475  -0.0001428  -0.00067499  4.1515e-05  -0.00086656  -3.5951e-05  -0.00015142  1.0942e-05  -9.9732e-05  -5.105e-05  -0.00012154  1.1966e-05  -0.00017916  -1.2825e-05  -0.00020881  3.2357e-06  -3.5988e-05  -1.1163e-05  -3.914e-05  -2.8018e-06
1190.0  0.15359  0.02338  -0.18815  0.036249  -0.0088595  0.0010506  -0.039423  0.0017499  -0.070434  0.0052211  0.50128  0.48117  0.01287  -4.4729e-05  0.0046019  0.00015474  -0.0017788  -3.1279e-05  -0.0092366  0.00011968  0.00038643  -0.00017704  -0.00072115  4.3318e-05  -0.00096571  -4.4236e-05  -0.00013659  1.1454e-05  -0.00012096  -5.6749e-05  -0.00013536  1.2108e-05  -0.00020904  -1.4206e-05  -0.00023963  3.319e-06  -4.4728e-05  -1.0873e-05  -4.7434e-05  -2.7218e-06
1195.0  0.15441  0.02385  -0.19533  0.03921  -0.0057624  0.0010605  -0.040683  0.001901  -0.073956  0.0057487  0.49748  0.56896  0.014283  -0.00010759  0.0052198  0.00016983  -0.0018723  -5.5139e-05  -0.0098603  0.00013408  0.00045471  -0.00021023  -0.00076421  4.3494e-05  -0.0010698  -5.2135e-05  -0.00011452  1.1534e-05  -0.00014388  -6.0481e-05  -0.00014949  1.164e-05  -0.00024154  -1.5074e-05  -0.00027268  3.2469e-06  -5.4234e-05  -9.7389e-06  -5.6711e-05  -2.4273e-06
1200.0  0.15517  0.024349  -0.20246  0.042289  -0.0022149  0.0010555  -0.041894  0.0020502  -0.077473  0.0062942  0.47681  0.65989  0.01577  -0.0001697  0.0058804  0.00018232  -0.0019682  -8.1094e-05  -0.010484  0.00014831  0.0005309  -0.0002408  -0.00080373  4.1782e-05  -0.0011786  -5.9242e-05  -8.4451e-05  1.1108e-05  -0.00016791  -6.1754e-05  -0.00016382  1.0447e-05  -0.00027654  -1.5304e-05  -0.00030792  2.9867e-06  -6.4357e-05  -7.6626e-06  -6.6974e-05  -1.8929e-06
1205.0  0.15588  0.024881  -0.20951  0.045483  0.001795  0.0010431  -0.043061  0.0021959  -0.080986  0.0068571  0.43762  0.74918  0.017331  -0.00022651  0.0065829  0.00019166  -0.0020668  -0.0001084  -0.011106  0.00016217  0.00061653  -0.00026719  -0.00083936  3.7924e-05  -0.0012915  -6.5153e-05  -4.5636e-05  1.0103e-05  -0.00019242  -6.0115e-05  -0.00017827  8.4082e-06  -0.0003139  -1.478e-05  -0.00034528  2.5033e-06  -7.4929e-05  -4.556e-06  -7.8219e-05  -1.0956e-06
1210.0  0.15658  0.025448  -0.21648  0.048788  0.0062809  0.0010335  -0.044186  0.0023362  -0.084495  0.0074374  0.38007  0.83129  0.01897  -0.00027307  0.0073262  0.00019737  -0.0021689  -0.00013622  -0.011727  0.0001755  0.0007134  -0.00028786  -0.0008708  3.1675e-05  -0.0014081  -6.9473e-05  2.6411e-06  8.4496e-06  -0.00021667  -5.5147e-05  -0.00019277  5.4021e-06  -0.00035345  -1.3395e-05  -0.00038469  1.7614e-06  -8.5761e-05  -3.3367e-07  -9.0436e-05  -1.2557e-08
1215.0  0.1573  0.02605  -0.22336  0.052199  0.011258  0.0010406  -0.045272  0.0024695  -0.088  0.0080353  0.30654  0.90088  0.020687  -0.00030407  0.0081088  0.00019898  -0.0022748  -0.00016366  -0.012345  0.00018812  0.00082351  -0.00030127  -0.00089789  2.2814e-05  -0.0015279  -7.1819e-05  6.1065e-05  6.0909e-06  -0.00023985  -4.6458e-05  -0.0002073  1.3145e-06  -0.00039499  -1.1049e-05  -0.00042608  7.2802e-07  -9.6641e-05  5.0907e-06  -0.0001036  1.3792e-06
1220.0  0.15806  0.026685  -0.23014  0.055712  0.016747  0.0010847  -0.046325  0.0025943  -0.091501  0.0086514  0.22131  0.95377  0.022488  -0.00031377  0.0089293  0.00019616  -0.0023847  -0.00018978  -0.01296  0.00019991  0.00094911  -0.00030594  -0.0009206  1.1178e-05  -0.0016503  -7.1822e-05  0.00013028  2.9862e-06  -0.00026107  -3.3686e-05  -0.00022185  -3.9454e-06  -0.0004383  -7.6496e-06  -0.00046938  -6.2261e-07  -0.00010731  1.1804e-05  -0.00011768  3.1024e-06
1225.0  0.15888  0.027351  -0.23681  0.059322  0.022763  0.0011946  -0.047348  0.0027091  -0.094999  0.0092866  0.12986  0.98781  0.024377  -0.00029549  0.0097857  0.00018871  -0.0024989  -0.00021355  -0.013571  0.00021078  0.0010927  -0.00030042  -0.00093899  -3.3087e-06  -0.0017747  -6.9135e-05  0.00021091  -8.7651e-07  -0.00027931  -1.6507e-05  -0.00023648  -1.0425e-05  -0.00048312  -3.1162e-06  -0.00051452  -2.3038e-06  -0.00011747  1.9885e-05  -0.00013263  5.1779e-06
1230.0  0.15978  0.028044  -0.24337  0.063024  0.029326  0.0013988  -0.048346  0.0028128  -0.098493  0.0099421  0.037772  1.003  0.026359  -0.00024216  0.010676  0.00017668  -0.0026173  -0.00023396  -0.014178  0.00022072  0.0012571  -0.00028338  -0.00095327  -2.0588e-05  -0.0019004  -6.3446e-05  0.00030353  -5.4698e-06  -0.00029345  5.3426e-06  -0.00025129  -1.8108e-05  -0.00052915  2.6142e-06  -0.00056145  -4.31e-06  -0.00012676  2.9395e-05  -0.00014837  7.6204e-06
1235.0  0.16077  0.028758  -0.2498  0.066813  0.036457  0.0017372  -0.049323  0.0029048  -0.10199  0.010619  -0.050176  1.0013  0.028441  -0.00014637  0.011598  0.00016044  -0.0027395  -0.00024996  -0.014782  0.00022979  0.0014455  -0.00025363  -0.00096372  -4.0433e-05  -0.0020266  -5.4496e-05  0.00040869  -1.0717e-05  -0.00030221  3.2028e-05  -0.00026637  -2.6886e-05  -0.00057607  9.5771e-06  -0.00061011  -6.6105e-06  -0.00013473  4.0352e-05  -0.00016482  1.0433e-05
1240.0  0.16187  0.029489  -0.25611  0.070683  0.044174  0.0022486  -0.050283  0.002985  -0.10547  0.01132  -0.13059  0.98565  0.030632  -6.9974e-07  0.012549  0.0001407  -0.002865  -0.00026058  -0.015381  0.00023815  0.0016613  -0.00021024  -0.00097065  -6.2416e-05  -0.0021526  -4.2104e-05  0.00052693  -1.6484e-05  -0.0003042  6.3567e-05  -0.00028184  -3.6548e-05  -0.00062353  1.7767e-05  -0.00066041  -9.1454e-06  -0.00014089  5.2706e-05  -0.00018187  1.36e-05
1245.0  0.16308  0.030227  -0.2623  0.07463  0.052508  0.0029804  -0.051232  0.0030538  -0.10896  0.012046  -0.20153  0.95961  0.032938  0.00020168  0.013527  0.00011857  -0.0029931  -0.00026493  -0.015976  0.00024605  0.0019083  -0.00015263  -0.00097434  -8.5897e-05  -0.0022775  -2.6195e-05  0.00065882  -2.2578e-05  -0.00029791  9.9775e-05  -0.00029776  -4.6766e-05  -0.00067112  2.7123e-05  -0.00071229  -1.1823e-05  -0.00014468  6.6307e-05  -0.00019939  1.7078e-05
1250.0  0.16442  0.030968  -0.26836  0.078647  0.061485  0.0039933  -0.052173  0.0031123  -0.11244  0.0128  -0.26235  0.92647  0.03537  0.00046742  0.01453  9.5535e-05  -0.0031225  -0.00026231  -0.016567  0.00025382  0.0021906  -8.0705e-05  -0.00097497  -0.00011004  -0.0024003  -6.8242e-06  0.00080493  -2.8754e-05  -0.00028175  0.0001402  -0.00031414  -5.7107e-05  -0.00071845  3.7515e-05  -0.00076563  -1.4525e-05  -0.00014551  8.0876e-05  -0.00021725  2.079e-05
1255.0  0.16588  0.031706  -0.2743  0.082728  0.071127  0.0053522  -0.053111  0.0031621  -0.11591  0.013582  -0.31328  0.88906  0.037937  0.0008027  0.015556  7.3367e-05  -0.003252  -0.00025218  -0.017154  0.00026187  0.0025123  5.0611e-06  -0.00097253  -0.00013385  -0.0025203  1.5792e-05  0.00096589  -3.4725e-05  -0.00025417  0.0001841  -0.00033084  -6.7053e-05  -0.00076512  4.8732e-05  -0.00082029  -1.7109e-05  -0.00014281  9.5981e-05  -0.00023532  2.4619e-05
1260.0  0.16747  0.032436  -0.28012  0.086869  0.081457  0.0071222  -0.054047  0.0032053  -0.11938  0.014394  -0.35515  0.8496  0.040649  0.0012124  0.016604  5.4051e-05  -0.00338  -0.00023428  -0.017736  0.00027063  0.0028775  0.00010354  -0.00096681  -0.00015626  -0.0026365  4.1267e-05  0.0011424  -4.0182e-05  -0.00021369  0.00023038  -0.00034759  -7.6044e-05  -0.00081078  6.0477e-05  -0.00087607  -1.9424e-05  -0.00013606  0.00011103  -0.0002535  2.8408e-05
1265.0  0.16918  0.033156  -0.28582  0.091063  0.092502  0.009376  -0.054984  0.0032442  -0.12283  0.015237  -0.38902  0.80969  0.043516  0.0017  0.017673  3.963e-05  -0.003505  -0.00020869  -0.018314  0.00028054  0.0032904  0.00021296  -0.00095733  -0.0001762  -0.0027481  6.9042e-05  0.0013352  -4.4823e-05  -0.00015905  0.00027763  -0.00036398  -8.3528e-05  -0.00085511  7.2376e-05  -0.00093275  -2.1323e-05  -0.00012489  0.0001253  -0.0002717  3.1962e-05
1270.0  0.17101  0.033863  -0.2914  0.095305  0.10429  0.012199  -0.055924  0.0032814  -0.12628  0.016112  -0.41606  0.77045  0.046548  0.0022678  0.018763  3.2069e-05  -0.0036252  -0.00017578  -0.018887  0.00029197  0.0037544  0.00033089  -0.00094338  -0.0001927  -0.0028547  9.8406e-05  0.001545  -4.8369e-05  -8.9326e-05  0.00032421  -0.00037942  -8.9014e-05  -0.00089791  8.399e-05  -0.00099007  -2.2676e-05  -0.00010908  0.00013794  -0.0002899  3.5065e-05
1275.0  0.17297  0.034561  -0.29689  0.099587  0.11684  0.015688  -0.056867  0.0033192  -0.12971  0.017019  -0.43736  0.73258  0.049756  0.0029176  0.019874  3.312e-05  -0.0037387  -0.00013617  -0.019454  0.00030526  0.0042727  0.00045443  -0.00092406  -0.00020496  -0.0029556  0.00012853  0.0017728  -5.0589e-05  -3.9655e-06  0.00036825  -0.00039324  -9.2117e-05  -0.00093906  9.484e-05  -0.0010477  -2.3382e-05  -8.8643e-05  0.00014807  -0.00030812  3.7485e-05
1280.0  0.17504  0.035255  -0.30227  0.1039  0.13017  0.019954  -0.057812  0.0033597  -0.13313  0.017957  -0.45393  0.69647  0.053146  0.003651  0.021006  4.4227e-05  -0.003844  -9.065e-05  -0.020016  0.00032063  0.0048475  0.00058032  -0.00089835  -0.00021242  -0.0030506  0.0001585  0.0020194  -5.1314e-05  9.7124e-05  0.00040789  -0.00040467  -9.2591e-05  -0.00097859  0.00010444  -0.0011054  -2.338e-05  -6.3822e-05  0.00015483  -0.00032644  3.9005e-05
1285.0  0.17723  0.035951  -0.30755  0.10825  0.14428  0.025115  -0.058759  0.0034051  -0.13652  0.018926  -0.46663  0.66232  0.056727  0.0044694  0.02216  6.6474e-05  -0.0039395  -4.0111e-05  -0.020572  0.0003382  0.0054806  0.0007052  -0.00086519  -0.00021477  -0.0031397  0.0001874  0.0022857  -5.0441e-05  0.00021358  0.00044129  -0.00041293  -9.0337e-05  -0.0010166  0.00011234  -0.0011627  -2.2646e-05  -3.5074e-05  0.00015744  -0.00034501  3.9433e-05
1290.0  0.17954  0.036661  -0.31275  0.11262  0.15914  0.031294  -0.059708  0.003457  -0.1399  0.019924  -0.47618  0.63017  0.060504  0.0053746  0.023337  0.00010058  -0.0040238  1.4492e-05  -0.021121  0.00035799  0.0061729  0.00082577  -0.00082356  -0.00021196  -0.0032232  0.00021436  0.0025725  -4.7927e-05  0.00034463  0.00046684  -0.00041725  -8.5399e-05  -0.0010534  0.00011813  -0.0012195  -2.1195e-05  -3.0409e-06  0.00015529  -0.000364  3.862e-05
1295.0  0.18195  0.037395  -0.31785  0.117  0.17473  0.038625  -0.060654  0.0035167  -0.14325  0.02095  -0.48317  0.59997  0.064481  0.0063682  0.024538  0.00014693  -0.0040958  7.2183e-05  -0.021664  0.00037995  0.0069245  0.00093899  -0.00077254  -0.00020416  -0.0033012  0.00023856  0.0028808  -4.3787e-05  0.00048916  0.00048322  -0.00041695  -7.7942e-05  -0.0010892  0.00012149  -0.0012753  -1.9071e-05  3.1507e-05  0.00014798  -0.00038364  3.6474e-05
1300.0  0.18449  0.038166  -0.32287  0.12138  0.19101  0.047252  -0.061598  0.0035855  -0.14657  0.022002  -0.4881  0.57162  0.06866  0.0074527  0.025763  0.00020565  -0.0041542  0.00013205  -0.022199  0.00040395  0.0077352  0.0010422  -0.00071136  -0.0001917  -0.0033745  0.00025934  0.0032112  -3.8075e-05  0.00064581  0.00048945  -0.0004114  -6.822e-05  -0.0011245  0.0001222  -0.0013299  -1.6342e-05  6.7737e-05  0.00013533  -0.00040416  3.2961e-05
1305.0  0.18715  0.038989  -0.32781  0.12576  0.20789  0.057338  -0.062537  0.0036644  -0.14985  0.023078  -0.49135  0.54499  0.073043  0.0086318  0.027014  0.00027665  -0.004198  0.00019339  -0.022726  0.0004298  0.0086043  0.0011334  -0.00063941  -0.00017505  -0.0034435  0.00027614  0.0035645  -3.087e-05  0.00081307  0.00048497  -0.00040012  -5.6544e-05  -0.0011597  0.00012014  -0.0013831  -1.3093e-05  0.00010482  0.0001174  -0.00042577  2.8107e-05
1310.0  0.18994  0.039878  -0.33267  0.13013  0.22529  0.069056  -0.063468  0.0037542  -0.1531  0.024176  -0.49322  0.51992  0.077632  0.0099105  0.028291  0.00035973  -0.004226  0.00025585  -0.023246  0.00045732  0.0095308  0.0012109  -0.00055629  -0.00015474  -0.003509  0.00028859  0.0039414  -2.2267e-05  0.00098942  0.00046958  -0.00038268  -4.3254e-05  -0.0011951  0.00011528  -0.0014347  -9.4108e-06  0.00014198  9.4444e-05  -0.00044868  2.1989e-05
1315.0  0.19286  0.040851  -0.33745  0.13447  0.24306  0.082592  -0.06439  0.0038558  -0.15631  0.025294  -0.49396  0.49628  0.082426  0.011295  0.029595  0.00045464  -0.0042369  0.00031954  -0.023758  0.00048629  0.010514  0.0012739  -0.00046174  -0.00013131  -0.0035717  0.00029644  0.0043425  -1.2362e-05  0.0011734  0.00044347  -0.00035878  -2.8688e-05  -0.0012312  0.00010769  -0.0014845  -5.3857e-06  0.00017855  6.6896e-05  -0.00047307  1.473e-05
1320.0  0.19592  0.041925  -0.34214  0.13879  0.26101  0.098137  -0.065298  0.0039704  -0.15948  0.026432  -0.49375  0.47393  0.087424  0.012793  0.030927  0.00056113  -0.0042295  0.00038507  -0.024261  0.00051652  0.011552  0.0013219  -0.00035565  -0.00010533  -0.0036323  0.00029959  0.0047686  -1.2433e-06  0.0013636  0.0004071  -0.00032818  -1.3169e-05  -0.0012684  9.753e-05  -0.0015323  -1.1024e-06  0.00021398  3.5329e-05  -0.00049909  6.4855e-06
1325.0  0.19914  0.04312  -0.34674  0.14305  0.27887  0.11587  -0.066192  0.0040991  -0.1626  0.027589  -0.49274  0.45272  0.092625  0.014412  0.032287  0.00067902  -0.004203  0.00045352  -0.024756  0.00054783  0.012645  0.001355  -0.00023803  -7.7314e-05  -0.0036916  0.00029808  0.00522  1.1011e-05  0.0015588  0.00036123  -0.00029071  3.0054e-06  -0.0013069  8.4993e-05  -0.001578  3.3609e-06  0.0002479  4.0724e-07  -0.00052683  -2.5689e-06
1330.0  0.20253  0.044453  -0.35125  0.14726  0.29632  0.13592  -0.067068  0.0042436  -0.16567  0.028765  -0.49104  0.43256  0.098028  0.01616  0.033677  0.00080817  -0.0041565  0.00052626  -0.025243  0.00058006  0.013792  0.0013737  -0.00010901  -4.7733e-05  -0.00375  0.00029204  0.0056975  2.4338e-05  0.0017581  0.00030676  -0.00024624  1.9574e-05  -0.001347  7.0336e-05  -0.0016214  7.9341e-06  0.00028005  -3.7151e-05  -0.00055637  -1.2244e-05
1335.0  0.20609  0.045943  -0.35566  0.15141  0.31297  0.15839  -0.067924  0.0044055  -0.16868  0.029962  -0.48872  0.41334  0.10363  0.018044  0.035097  0.00094856  -0.0040893  0.00060486  -0.025721  0.0006131  0.014993  0.001379  3.1233e-05  -1.7022e-05  -0.0038083  0.00028168  0.0062015  3.8691e-05  0.0019606  0.00024477  -0.00019469  3.6306e-05  -0.001389  5.3841e-05  -0.0016624  1.2555e-05  0.00031034  -7.6608e-05  -0.00058773  -2.2348e-05
1340.0  0.20984  0.047609  -0.35996  0.15549  0.32839  0.18328  -0.068757  0.0045865  -0.17163  0.03118  -0.48585  0.39496  0.10944  0.020075  0.036547  0.0011003  -0.0040009  0.00069098  -0.02619  0.00064686  0.016247  0.0013721  0.00018247  1.4429e-05  -0.0038669  0.0002673  0.0067325  5.4041e-05  0.0021658  0.00017641  -0.00013599  5.3004e-05  -0.0014331  3.5811e-05  -0.0017009  1.7167e-05  0.00033879  -0.00011723  -0.00062091  -3.2693e-05
1345.0  0.21378  0.049468  -0.36414  0.15948  0.34211  0.2105  -0.069567  0.0047885  -0.17452  0.032422  -0.48248  0.37738  0.11547  0.022261  0.03803  0.0012635  -0.0038904  0.00078652  -0.02665  0.00068128  0.017555  0.0013545  0.00034442  4.6271e-05  -0.0039263  0.00024923  0.0072911  7.0369e-05  0.0023732  0.00010286  -7.0093e-05  6.9493e-05  -0.0014793  1.6555e-05  -0.0017369  2.1721e-05  0.00036553  -0.00015833  -0.00065588  -4.3098e-05
1350.0  0.21795  0.05154  -0.3682  0.16338  0.35369  0.23985  -0.070351  0.0050131  -0.17734  0.03369  -0.47865  0.36051  0.12171  0.024616  0.039545  0.0014384  -0.0037569  0.0008937  -0.027102  0.00071634  0.018918  0.001328  0.00051679  7.8183e-05  -0.0039868  0.00022785  0.0078778  8.7673e-05  0.0025825  2.5342e-05  3.0459e-06  8.5616e-05  -0.0015277  -3.6154e-06  -0.0017701  2.617e-05  0.00039079  -0.00019923  -0.00069259  -5.3396e-05
1355.0  0.22234  0.053842  -0.37211  0.16718  0.36271  0.27104  -0.071107  0.005262  -0.1801  0.034988  -0.47439  0.34432  0.12819  0.027153  0.041096  0.0016255  -0.0035995  0.0010152  -0.027544  0.00075202  0.020337  0.0012944  0.00069929  0.00010986  -0.0040488  0.00020356  0.0084931  0.00010596  0.0027938  -5.4956e-05  8.3464e-05  0.00010123  -0.0015784  -2.4398e-05  -0.0018006  3.0468e-05  0.00041488  -0.00023932  -0.00073097  -6.3431e-05
1360.0  0.22697  0.056394  -0.37589  0.17088  0.36879  0.30371  -0.071834  0.0055366  -0.18279  0.036319  -0.46972  0.32876  0.13492  0.029893  0.042682  0.001825  -0.0034178  0.0011538  -0.027977  0.00078834  0.021813  0.0012558  0.00089159  0.000141  -0.0041124  0.0001768  0.0091374  0.00012524  0.003007  -0.00013687  0.00017119  0.00011619  -0.0016314  -4.5499e-05  -0.0018282  3.457e-05  0.00043815  -0.00027805  -0.00077094  -7.3063e-05
1365.0  0.23187  0.059219  -0.3795  0.17446  0.37163  0.33741  -0.072531  0.0058383  -0.18541  0.037686  -0.46467  0.31382  0.14192  0.032862  0.044307  0.0020376  -0.0032116  0.0013125  -0.028401  0.00082534  0.023348  0.0012143  0.0010934  0.00017132  -0.0041778  0.00014798  0.0098114  0.00014554  0.0032224  -0.00021926  0.00026626  0.00013036  -0.0016866  -6.6635e-05  -0.0018527  3.8429e-05  0.00046099  -0.00031491  -0.00081241  -8.2163e-05
1370.0  0.23705  0.062338  -0.38294  0.17793  0.37101  0.37163  -0.073197  0.0061681  -0.18796  0.039095  -0.45926  0.29947  0.14923  0.036094  0.045972  0.0022637  -0.0029808  0.001494  -0.028816  0.00086307  0.024944  0.0011723  0.0013043  0.00020049  -0.0042452  0.00011754  0.010515  0.00016688  0.00344  -0.00030107  0.00036869  0.00014358  -0.001744  -8.7539e-05  -0.0018743  4.1993e-05  0.00048383  -0.00034944  -0.00085528  -9.0614e-05
1375.0  0.24252  0.065778  -0.3862  0.18127  0.36678  0.4058  -0.073832  0.0065264  -0.19045  0.040548  -0.45351  0.28568  0.15686  0.039634  0.047679  0.002504  -0.0027255  0.0017006  -0.029221  0.00090158  0.026603  0.0011321  0.001524  0.00022819  -0.0043146  8.5923e-05  0.01125  0.00018931  0.0036603  -0.00038122  0.00047849  0.00015568  -0.0018036  -0.00010795  -0.0018927  4.5211e-05  0.00050712  -0.00038121  -0.00089944  -9.8313e-05
1380.0  0.2483  0.069568  -0.38927  0.1845  0.35892  0.43935  -0.074436  0.0069129  -0.19287  0.042048  -0.44745  0.27245  0.16485  0.043538  0.04943  0.0027591  -0.0024452  0.0019342  -0.029616  0.00094093  0.028329  0.0010964  0.001752  0.00025407  -0.004386  5.358e-05  0.012016  0.00021284  0.0038837  -0.00045874  0.00059563  0.00016649  -0.0018653  -0.00012763  -0.001908  4.8022e-05  0.00053132  -0.00040985  -0.0009448  -0.00010516
1385.0  0.25441  0.073738  -0.39213  0.18759  0.34751  0.47165  -0.075008  0.0073266  -0.19524  0.043598  -0.44111  0.25976  0.17322  0.047873  0.051228  0.0030297  -0.0021388  0.0021967  -0.030002  0.00098118  0.030124  0.0010678  0.001988  0.00027774  -0.0044593  2.0957e-05  0.012814  0.00023754  0.0041105  -0.00053264  0.00072009  0.00017579  -0.001929  -0.00014634  -0.00192  5.0364e-05  0.00055688  -0.000435  -0.00099125  -0.00011107
1390.0  0.26087  0.078325  -0.39477  0.19056  0.33276  0.50212  -0.075549  0.0077661  -0.19754  0.0452  -0.4345  0.24761  0.182  0.052718  0.053076  0.0033167  -0.0018047  0.0024904  -0.030379  0.0010224  0.031992  0.0010493  0.0022315  0.00029883  -0.0045344  -1.1491e-05  0.013643  0.00026346  0.0043413  -0.00060197  0.00085177  0.00018337  -0.0019946  -0.00016385  -0.0019286  5.2173e-05  0.0005843  -0.00045631  -0.0010387  -0.00011595
1395.0  0.26768  0.083366  -0.39719  0.1934  0.31501  0.53019  -0.076057  0.008229  -0.19979  0.046854  -0.42766  0.23599  0.1912  0.058166  0.054976  0.0036211  -0.0014404  0.0028179  -0.030746  0.0010647  0.033937  0.001044  0.002482  0.00031691  -0.0046111  -4.3304e-05  0.014506  0.00029067  0.0045766  -0.00066581  0.00099057  0.000189  -0.0020619  -0.00017994  -0.0019341  5.338e-05  0.00061406  -0.00047347  -0.0010869  -0.00011972
1400.0  0.27486  0.088904  -0.39937  0.19611  0.29473  0.5554  -0.076532  0.0087129  -0.20199  0.048561  -0.4206  0.22488  0.20084  0.064322  0.056933  0.0039439  -0.0010434  0.0031828  -0.031103  0.001108  0.035963  0.0010552  0.0027387  0.00033157  -0.0046893  -7.4016e-05  0.015401  0.00031924  0.0048171  -0.00072323  0.0011363  0.00019245  -0.002131  -0.00019441  -0.0019362  5.3921e-05  0.00064666  -0.00048616  -0.001136  -0.00012231
1405.0  0.28242  0.094986  -0.40131  0.19869  0.27248  0.57739  -0.076972  0.0092149  -0.20414  0.05032  -0.41337  0.21427  0.21093  0.071307  0.058948  0.0042864  -0.00061097  0.0035893  -0.031451  0.0011526  0.038075  0.0010867  0.0030011  0.00034242  -0.0047686  -0.00010315  0.01633  0.0003493  0.0050633  -0.00077333  0.0012887  0.00019347  -0.0022015  -0.00020702  -0.0019349  5.3731e-05  0.00068262  -0.00049406  -0.0011856  -0.00012364
1410.0  0.29037  0.10166  -0.403  0.20114  0.24888  0.59595  -0.077377  0.0097325  -0.20625  0.052132  -0.40598  0.20415  0.22146  0.079261  0.061026  0.0046503  -0.0001401  0.0040424  -0.031789  0.0011984  0.040279  0.0011422  0.0032683  0.00034909  -0.0048486  -0.00013025  0.017292  0.00038096  0.0053161  -0.00081521  0.0014476  0.00019184  -0.0022734  -0.00021759  -0.0019305  5.2758e-05  0.00072252  -0.00049688  -0.0012358  -0.00012362
1415.0  0.29872  0.109  -0.40442  0.20347  0.22456  0.61105  -0.077744  0.010263  -0.20832  0.053996  -0.39846  0.19451  0.23242  0.088342  0.063169  0.0050374  0.00037203  0.0045476  -0.032118  0.0012456  0.042579  0.0012259  0.0035395  0.00035126  -0.0049289  -0.00015482  0.01829  0.00041442  0.0055763  -0.00084797  0.0016124  0.0001874  -0.0023464  -0.00022591  -0.0019228  5.0958e-05  0.00076693  -0.0004943  -0.0012863  -0.0001222
1420.0  0.30746  0.11705  -0.40558  0.20566  0.20012  0.62275  -0.078073  0.010803  -0.21034  0.055911  -0.39083  0.18534  0.24378  0.098735  0.065383  0.0054497  0.00092823  0.0051117  -0.032439  0.0012943  0.044982  0.0013423  0.0038137  0.0003487  -0.005009  -0.0001764  0.019321  0.00044987  0.0058447  -0.00087074  0.0017829  0.00017999  -0.0024203  -0.00023179  -0.0019119  4.8306e-05  0.00081651  -0.00048605  -0.0013369  -0.0001193
1425.0  0.31661  0.12591  -0.40647  0.20773  0.17608  0.63129  -0.07836  0.011352  -0.21233  0.057877  -0.38312  0.17662  0.2555  0.11065  0.06767  0.0058902  0.0015312  0.0057419  -0.03275  0.0013446  0.047496  0.0014963  0.0040899  0.00034129  -0.0050883  -0.00019453  0.020388  0.00048758  0.0061225  -0.00088271  0.0019584  0.00016954  -0.002495  -0.00023507  -0.001898  4.4798e-05  0.00087196  -0.00047186  -0.0013877  -0.00011487
1430.0  0.32615  0.13565  -0.40708  0.20966  0.15287  0.63694  -0.078604  0.011907  -0.21427  0.059895  -0.37534  0.16834  0.26748  0.12433  0.070035  0.0063618  0.0021835  0.0064464  -0.033053  0.0013968  0.050127  0.0016929  0.004367  0.000329  -0.0051662  -0.00020877  0.021491  0.00052787  0.0064109  -0.00088308  0.0021386  0.00015607  -0.0025701  -0.00023558  -0.001881  4.0453e-05  0.00093405  -0.00045151  -0.0014382  -0.00010887
1435.0  0.3361  0.14637  -0.40741  0.21146  0.13083  0.64005  -0.078803  0.012467  -0.21619  0.061964  -0.36752  0.16048  0.27961  0.14004  0.072482  0.0068684  0.0028875  0.0072343  -0.033348  0.0014511  0.052885  0.0019376  0.004644  0.00031199  -0.0052417  -0.00021871  0.022629  0.0005711  0.006711  -0.00087118  0.0023227  0.00013968  -0.0026453  -0.0002332  -0.0018612  3.5321e-05  0.0010036  -0.00042481  -0.0014884  -0.00010125
1440.0  0.34644  0.15822  -0.40745  0.21311  0.1102  0.64097  -0.078956  0.013031  -0.21806  0.064085  -0.35968  0.15302  0.29169  0.15811  0.075017  0.0074145  0.0036451  0.0081159  -0.033634  0.0015078  0.055777  0.0022363  0.0049197  0.00029054  -0.0053142  -0.000224  0.023804  0.00061771  0.0070243  -0.00084643  0.0025104  0.00012058  -0.0027202  -0.00022784  -0.0018386  2.9479e-05  0.0010815  -0.00039168  -0.001538  -9.2031e-05
1445.0  0.35717  0.17135  -0.40719  0.21462  0.091129  0.64008  -0.079059  0.013598  -0.21991  0.066257  -0.35182  0.14595  0.30348  0.17885  0.077643  0.0080053  0.0044578  0.0091026  -0.033912  0.0015672  0.058815  0.0025951  0.005193  0.00026511  -0.0053826  -0.0002243  0.025016  0.00066818  0.0073524  -0.0008084  0.0027009  9.9091e-05  -0.0027946  -0.00021945  -0.0018132  2.3035e-05  0.0011688  -0.00035212  -0.0015868  -8.1224e-05
1450.0  0.36828  0.18595  -0.40663  0.21599  0.073718  0.6377  -0.079112  0.01417  -0.22173  0.068481  -0.34397  0.13925  0.31459  0.20265  0.080367  0.0086471  0.0053261  0.010207  -0.034183  0.0016297  0.062009  0.0030206  0.0054631  0.00023631  -0.0054458  -0.00021939  0.026265  0.00072308  0.0076968  -0.00075685  0.0028939  7.5634e-05  -0.0028681  -0.00020802  -0.0017852  1.6124e-05  0.0012663  -0.00030625  -0.0016345  -6.8891e-05
1455.0  0.37974  0.2023  -0.40574  0.21719  0.058  0.63416  -0.079111  0.014746  -0.22352  0.070758  -0.33613  0.1329  0.32452  0.22987  0.083195  0.0093469  0.0062492  0.011443  -0.034446  0.0016957  0.06537  0.0035197  0.005729  0.0002049  -0.0055028  -0.00020906  0.027553  0.00078298  0.0080593  -0.00069174  0.0030888  5.0727e-05  -0.0029402  -0.00019363  -0.0017545  8.9036e-06  0.0013752  -0.00025431  -0.0016809  -5.5124e-05
1460.0  0.39151  0.22074  -0.40453  0.21824  0.043972  0.62975  -0.079056  0.015329  -0.22529  0.073088  -0.32832  0.12689  0.33256  0.26085  0.086133  0.010113  0.0072249  0.012826  -0.034702  0.0017655  0.068912  0.0040996  0.0059901  0.00017172  -0.0055523  -0.00019324  0.028878  0.00084854  0.0084417  -0.00061327  0.0032855  2.4963e-05  -0.0030105  -0.00017639  -0.0017213  1.5491e-06  0.0014964  -0.00019672  -0.0017259  -4.0061e-05
1465.0  0.40353  0.24176  -0.40297  0.21912  0.031599  0.62472  -0.078942  0.015919  -0.22703  0.075471  -0.32054  0.12121  0.33781  0.29586  0.089187  0.010955  0.0082488  0.014371  -0.03495  0.0018396  0.072647  0.0047684  0.0062458  0.00013773  -0.0055932  -0.0001719  0.030243  0.00092041  0.0088455  -0.00052189  0.0034836  -1.0177e-06  -0.0030788  -0.00015649  -0.0016853  -5.755e-06  0.001631  -0.00013403  -0.0017691  -2.3876e-05
1470.0  0.41574  0.26605  -0.40104  0.21982  0.020821  0.61932  -0.078769  0.01652  -0.22876  0.077906  -0.31279  0.11584  0.3391  0.33498  0.092365  0.011883  0.009314  0.016096  -0.035191  0.0019185  0.076591  0.0055343  0.0064958  0.0001039  -0.0056241  -0.00014512  0.031647  0.00099931  0.0092724  -0.00041829  0.0036831  -2.655e-05  -0.0031446  -0.00013418  -0.0016466  -1.2823e-05  0.0017797  -6.696e-05  -0.0018104  -6.7825e-06
1475.0  0.42826  0.29478  -0.39872  0.22034  0.011562  0.61374  -0.078533  0.017134  -0.23047  0.080394  -0.3051  0.11076  0.335  0.37797  0.095675  0.01291  0.010411  0.018016  -0.035426  0.0020024  0.080758  0.0064067  0.00674  7.1221e-05  -0.0056439  -0.00011304  0.033093  0.0010859  0.009724  -0.00030341  0.003884  -5.0977e-05  -0.0032076  -0.00010977  -0.0016051  -1.9475e-05  0.0019434  3.6475e-06  -0.0018497  1.0971e-05
1480.0  0.44177  0.33147  -0.39598  0.22069  0.0037291  0.6082  -0.078232  0.017764  -0.23218  0.082933  -0.29745  0.10596  0.32388  0.42413  0.099126  0.01405  0.011526  0.020149  -0.035653  0.0020916  0.085164  0.0073956  0.0069783  4.0624e-05  -0.0056512  -7.5864e-05  0.03458  0.0011809  0.010201  -0.0001784  0.0040865  -7.3682e-05  -0.0032675  -8.3603e-05  -0.0015607  -2.5548e-05  0.0021227  7.6825e-05  -0.0018867  2.9112e-05
1485.0  0.45044  0.38789  -0.39278  0.22086  -0.0028202  0.60289  -0.077862  0.018413  -0.23388  0.085521  -0.28986  0.10144  0.30409  0.47209  0.10272  0.015318  0.012643  0.022509  -0.035873  0.0021865  0.089827  0.0085121  0.0072109  1.2973e-05  -0.0056449  -3.3868e-05  0.036109  0.0012851  0.010706  -4.4583e-05  0.0042909  -9.4109e-05  -0.0033242  -5.6086e-05  -0.0015131  -3.0898e-05  0.0023181  0.00015152  -0.0019216  4.7349e-05
1490.0  0.40526  0.44814  -0.38909  0.22087  -0.0082951  0.59784  -0.077419  0.019088  -0.23558  0.088155  -0.28232  0.097176  0.27421  0.51967  0.10648  0.016731  0.013742  0.025109  -0.036086  0.0022871  0.094763  0.0097689  0.0074382  -1.0978e-05  -0.0056237  1.2653e-05  0.037682  0.001399  0.011239  9.6575e-05  0.0044975  -0.00011178  -0.0033775  -2.7633e-05  -0.0014623  -3.5407e-05  0.0025298  0.00022663  -0.0019542  6.5384e-05
1495.0  0.3676  0.46594  -0.38486  0.22071  -0.012661  0.5931  -0.076904  0.019793  -0.23728  0.090832  -0.27485  0.093158  0.2335  0.56388  0.1104  0.018311  0.0148  0.027961  -0.036293  0.0023936  0.099992  0.01118  0.0076607  -3.06e-05  -0.0055866  6.339e-05  0.039299  0.0015234  0.0118  0.00024354  0.0047067  -0.00012633  -0.0034274  1.327e-06  -0.0014079  -3.8986e-05  0.0027579  0.00030105  -0.0019846  8.2922e-05
1500.0  0.33969  0.48018  -0.38004  0.22042  -0.016015  0.58886  -0.076314  0.020532  -0.239  0.093546  -0.26744  0.089377  0.18237  0.6012  0.1145  0.02008  0.01579  0.031071  -0.036492  0.0025059  0.10553  0.012763  0.0078787  -4.5404e-05  -0.0055324  0.00011804  0.040962  0.0016589  0.012389  0.00039476  0.004919  -0.00013747  -0.0034739  3.0373e-05  -0.0013499  -4.1576e-05  0.0030023  0.00037369  -0.0020129  9.9684e-05
1505.0  0.31315  0.49215  -0.37457  0.22001  -0.01853  0.58525  -0.075647  0.021308  -0.24072  0.096293  -0.26008  0.085823  0.12275  0.62816  0.11878  0.022063  0.016683  0.034443  -0.036684  0.002624  0.11141  0.014536  0.008093  -5.5041e-05  -0.00546  0.00017633  0.042672  0.0018061  0.013008  0.00054873  0.0051348  -0.00014505  -0.0035169  5.9103e-05  -0.0012879  -4.3145e-05  0.0032628  0.00044355  -0.0020392  0.00011541
1510.0  0.28732  0.50065  -0.36838  0.21954  -0.020369  0.58231  -0.074898  0.022125  -0.24247  0.099065  -0.2528  0.082485  0.05801  0.64211  0.12324  0.024288  0.01745  0.038073  -0.036869  0.0027477  0.11763  0.016521  0.0083041  -5.9301e-05  -0.0053686  0.00023802  0.04443  0.0019657  0.013655  0.000704  0.0053547  -0.00014897  -0.0035568  8.7146e-05  -0.0012219  -4.3689e-05  0.0035387  0.00050971  -0.0020637  0.00012989
1515.0  0.2626  0.50568  -0.36141  0.21905  -0.02169  0.58008  -0.074067  0.022986  -0.24423  0.10186  -0.24557  0.079354  -0.0075661  0.64198  0.1279  0.026785  0.018059  0.041955  -0.037047  0.0028767  0.12424  0.018745  0.0085126  -5.81e-05  -0.0052569  0.00030297  0.046237  0.0021384  0.014331  0.00085928  0.0055791  -0.00014927  -0.0035936  0.00011417  -0.0011516  -4.3226e-05  0.0038296  0.00057139  -0.0020867  0.00014291
1520.0  0.23929  0.50752  -0.35359  0.21861  -0.022648  0.57856  -0.073148  0.023898  -0.24602  0.10465  -0.23841  0.076421  -0.069651  0.62849  0.13276  0.029589  0.018481  0.046076  -0.037217  0.0030106  0.13124  0.021237  0.0087191  -5.147e-05  -0.0051241  0.00037109  0.048095  0.0023247  0.015033  0.0010134  0.0058084  -0.00014604  -0.0036276  0.00013991  -0.0010768  -4.1794e-05  0.0041348  0.00062795  -0.0021083  0.00015436
1525.0  0.21765  0.5065  -0.34484  0.21832  -0.023386  0.57773  -0.072141  0.024862  -0.24783  0.10745  -0.23131  0.073679  -0.12476  0.60394  0.13782  0.032737  0.018688  0.050419  -0.037379  0.0031492  0.13868  0.024034  0.008924  -3.9542e-05  -0.0049691  0.0004424  0.050005  0.0025254  0.015763  0.0011656  0.0060429  -0.00013944  -0.003659  0.00016412  -0.00099734  -3.9446e-05  0.0044535  0.00067891  -0.0021288  0.00016411
1530.0  0.19789  0.50287  -0.33509  0.2183  -0.024035  0.57754  -0.07104  0.025885  -0.24967  0.11024  -0.22427  0.071118  -0.17078  0.5715  0.14308  0.036272  0.018656  0.05496  -0.037533  0.003292  0.14656  0.027177  0.0091278  -2.2527e-05  -0.0047908  0.00051702  0.051968  0.0027411  0.016518  0.0013149  0.006283  -0.00012969  -0.0036882  0.00018665  -0.00091311  -3.6248e-05  0.0047848  0.00072395  -0.0021484  0.00017211
1535.0  0.18027  0.49694  -0.32427  0.21868  -0.024709  0.57794  -0.069844  0.026969  -0.25153  0.11302  -0.2173  0.068733  -0.207  0.53444  0.14855  0.040242  0.018362  0.059675  -0.037678  0.0034386  0.15492  0.030717  0.0093311  -7.0659e-07  -0.0045881  0.00059518  0.053986  0.0029726  0.017299  0.001461  0.0065291  -0.00011704  -0.0037153  0.00020739  -0.00082394  -3.2274e-05  0.0051281  0.00076291  -0.0021674  0.00017834
1540.0  0.16503  0.48899  -0.31233  0.21965  -0.025505  0.57885  -0.068549  0.02812  -0.25341  0.11576  -0.21037  0.066517  -0.23383  0.49563  0.1542  0.044699  0.017792  0.064535  -0.037815  0.0035885  0.16378  0.03471  0.0095341  2.5592e-05  -0.0043599  0.00067724  0.05606  0.0032208  0.018103  0.0016035  0.0067812  -0.00010179  -0.0037407  0.00022629  -0.00072971  -2.7601e-05  0.0054823  0.00079578  -0.002186  0.00018284
1545.0  0.1524  0.47939  -0.29924  0.22142  -0.026503  0.58018  -0.06715  0.029341  -0.2553  0.11847  -0.2035  0.064465  -0.25237  0.45722  0.16004  0.0497  0.016933  0.069513  -0.037941  0.0037415  0.17319  0.039225  0.0097372  5.6002e-05  -0.0041046  0.00076368  0.058193  0.0034865  0.01893  0.0017424  0.0070395  -8.4226e-05  -0.0037648  0.00024334  -0.00063031  -2.231e-05  0.0058469  0.0008227  -0.0022045  0.00018565
1550.0  0.14259  0.46851  -0.28501  0.22424  -0.027767  0.58186  -0.065644  0.030638  -0.25721  0.12114  -0.19668  0.062573  -0.26401  0.42065  0.16604  0.055312  0.015777  0.074579  -0.038058  0.0038971  0.18315  0.044341  0.0099406  9.0135e-05  -0.0038209  0.00085515  0.060385  0.0037708  0.019778  0.0018778  0.0073042  -6.4682e-05  -0.0037877  0.0002586  -0.00052564  -1.6481e-05  0.0062209  0.00084394  -0.002223  0.00018687
1555.0  0.13573  0.45679  -0.26969  0.22839  -0.029345  0.58379  -0.064025  0.032015  -0.25912  0.12375  -0.18991  0.060838  -0.27017  0.38675  0.17219  0.061606  0.014322  0.079707  -0.038164  0.0040552  0.19369  0.050153  0.010145  0.00012759  -0.0035071  0.00095243  0.062639  0.0040746  0.020648  0.0020101  0.0075754  -4.3478e-05  -0.0038096  0.00027218  -0.0004156  -1.0191e-05  0.0066039  0.00085986  -0.0022419  0.00018661
1560.0  0.13193  0.44466  -0.25341  0.23417  -0.031271  0.58587  -0.062288  0.03348  -0.26102  0.1263  -0.18318  0.059256  -0.27211  0.35589  0.17844  0.068661  0.012564  0.084869  -0.038259  0.0042154  0.20485  0.056772  0.010349  0.00016797  -0.0031614  0.0010565  0.064957  0.0043993  0.021537  0.0021397  0.007853  -2.0938e-05  -0.0038309  0.0002842  -0.00030013  -3.5113e-06  0.006995  0.00087097  -0.0022611  0.00018503
1565.0  0.13122  0.4326  -0.23637  0.24192  -0.033564  0.58803  -0.060427  0.035037  -0.26292  0.12879  -0.1765  0.057827  -0.27093  0.32814  0.18474  0.076564  0.010506  0.090042  -0.038341  0.0043778  0.21663  0.064327  0.010555  0.00021087  -0.0027817  0.0011685  0.067339  0.0047462  0.022445  0.0022673  0.0081371  2.6232e-06  -0.0038518  0.00029485  -0.00017916  3.4917e-06  0.0073939  0.00087782  -0.0022809  0.00018227
1570.0  0.13359  0.42107  -0.21887  0.25192  -0.036235  0.59016  -0.058434  0.036697  -0.26479  0.13122  -0.16985  0.056551  -0.26747  0.30339  0.19103  0.085408  0.0081491  0.095203  -0.038411  0.0045423  0.22905  0.072969  0.010761  0.00025592  -0.0023657  0.0012898  0.069789  0.0051167  0.023372  0.0023937  0.0084275  2.69e-05  -0.0038723  0.00030432  -5.2607e-05  1.0761e-05  0.0078002  0.00088106  -0.0023015  0.00017852
1575.0  0.13894  0.41054  -0.20134  0.26446  -0.039279  0.59219  -0.056301  0.038469  -0.26664  0.13357  -0.16323  0.055427  -0.26242  0.28141  0.19723  0.095292  0.0054939  0.10033  -0.038467  0.0047091  0.24209  0.082879  0.010968  0.00030278  -0.0019109  0.001422  0.07231  0.0055127  0.024316  0.0025199  0.0087242  5.1603e-05  -0.0038927  0.00031285  7.9563e-05  1.8247e-05  0.0082134  0.00088138  -0.0023228  0.00017396
1580.0  0.14714  0.40147  -0.1843  0.27969  -0.042686  0.59401  -0.054021  0.040366  -0.26844  0.13585  -0.15665  0.054458  -0.25629  0.26193  0.20322  0.10632  0.0025418  0.10541  -0.038508  0.0048784  0.25575  0.094263  0.011176  0.00035113  -0.0014143  0.0015672  0.074902  0.0059359  0.025277  0.0026468  0.0090271  7.6467e-05  -0.0039131  0.0003207  0.00021741  2.5916e-05  0.0086334  0.00087954  -0.002345  0.00016878
1585.0  0.15801  0.39431  -0.16837  0.29768  -0.046433  0.59556  -0.051586  0.042405  -0.2702  0.13806  -0.1501  0.053645  -0.24946  0.24468  0.20885  0.11859  -0.00070641  0.11041  -0.038534  0.0050506  0.26996  0.10736  0.011385  0.00040069  -0.00087299  0.0017274  0.077568  0.0063885  0.026256  0.0027757  0.009336  0.00010125  -0.0039334  0.00032814  0.00036096  3.3742e-05  0.00906  0.00087631  -0.002368  0.00016319
1590.0  0.17131  0.38953  -0.1542  0.31829  -0.050485  0.59674  -0.048986  0.044603  -0.27191  0.1402  -0.14358  0.052993  -0.2422  0.22939  0.21396  0.13219  -0.0042504  0.11531  -0.038545  0.0052262  0.28464  0.12246  0.011595  0.00045125  -0.00028337  0.0019054  0.080311  0.0068728  0.02725  0.0029078  0.0096507  0.00012574  -0.0039538  0.00033544  0.00051028  4.1718e-05  0.0094932  0.00087248  -0.0023921  0.00015738
1595.0  0.18674  0.38761  -0.14245  0.34118  -0.054795  0.59746  -0.046216  0.046985  -0.27355  0.14228  -0.1371  0.052503  -0.23473  0.21581  0.2183  0.14722  -0.008089  0.12009  -0.038539  0.0054056  0.29966  0.13988  0.011805  0.00050264  0.0003583  0.0021043  0.083134  0.0073914  0.028261  0.0030444  0.009971  0.00014976  -0.0039742  0.00034292  0.00066539  4.9849e-05  0.0099331  0.00086887  -0.002417  0.00015156
1600.0  0.2039  0.3891  -0.13369  0.36584  -0.059302  0.59767  -0.04327  0.049578  -0.27512  0.14429  -0.13064  0.052181  -0.22718  0.20372  0.22163  0.16371  -0.01222  0.12472  -0.038516  0.0055897  0.31479  0.15996  0.012016  0.00055474  0.0010561  0.0023277  0.086039  0.0079473  0.029289  0.0031868  0.010297  0.00017317  -0.0039946  0.00035088  0.00082634  5.8159e-05  0.01038  0.00086629  -0.0024428  0.00014591
1605.0  0.22206  0.39473  -0.12831  0.39158  -0.063973  0.59728  -0.040144  0.052414  -0.27662  0.14624  -0.12422  0.052031  -0.21965  0.19293  0.22361  0.18167  -0.016637  0.12917  -0.038476  0.0057791  0.32972  0.18312  0.012227  0.00060751  0.0018145  0.0025799  0.089029  0.0085437  0.030333  0.0033365  0.010627  0.00019586  -0.0040149  0.00035962  0.00099315  6.6688e-05  0.010833  0.00086556  -0.0024694  0.00014063
1610.0  0.2399  0.40474  -0.12651  0.41758  -0.068832  0.59604  -0.036832  0.05553  -0.27804  0.14814  -0.11784  0.052059  -0.2122  0.18327  0.22389  0.20104  -0.02133  0.1334  -0.038418  0.0059748  0.34402  0.20975  0.012438  0.00066097  0.0026383  0.0028658  0.092107  0.009184  0.031394  0.0034949  0.010963  0.0002178  -0.0040349  0.00036947  0.0011659  7.5497e-05  0.011294  0.00086744  -0.0024968  0.0001359
1615.0  0.2559  0.41562  -0.12822  0.44303  -0.073176  0.59359  -0.033335  0.058996  -0.27937  0.14999  -0.11149  0.052271  -0.20487  0.17458  0.22207  0.22167  -0.026283  0.13738  -0.038342  0.0061774  0.35708  0.24027  0.012649  0.00071522  0.0035324  0.0031912  0.095276  0.0098722  0.032472  0.0036635  0.011303  0.00023895  -0.0040545  0.00038072  0.0013446  8.4664e-05  0.011763  0.00087272  -0.0025249  0.00013188
1620.0  0.27418  0.43113  -0.13317  0.4672  -0.076623  0.59074  -0.029701  0.062864  -0.28061  0.1518  -0.1052  0.052671  -0.19768  0.16675  0.21775  0.24331  -0.031472  0.14107  -0.038248  0.006388  0.36809  0.27502  0.01286  0.0007704  0.004502  0.0035629  0.098539  0.010613  0.033567  0.0038438  0.011648  0.00025936  -0.0040736  0.00039371  0.0015293  9.4284e-05  0.012241  0.00088211  -0.0025535  0.00012874
1625.0  0.29116  0.45196  -0.14089  0.48947  -0.079505  0.58768  -0.025955  0.067173  -0.28176  0.15357  -0.098948  0.053266  -0.19064  0.15968  0.21054  0.26556  -0.036865  0.14444  -0.038136  0.0066075  0.37602  0.31423  0.01307  0.00082673  0.0055527  0.0039888  0.1019  0.01141  0.034681  0.0040374  0.011997  0.0002791  -0.0040918  0.00040873  0.00172  0.00010447  0.012727  0.00089632  -0.0025825  0.00012661
1630.0  0.30536  0.4775  -0.1508  0.50942  -0.081856  0.58442  -0.022137  0.071982  -0.28281  0.15531  -0.092761  0.054061  -0.18375  0.15328  0.20011  0.2879  -0.042422  0.14744  -0.038006  0.0068368  0.37957  0.3579  0.013279  0.00088449  0.0066897  0.0044782  0.10536  0.01227  0.035814  0.0042457  0.01235  0.00029827  -0.004109  0.0004261  0.0019169  0.00011536  0.013222  0.000916  -0.0026117  0.00012563
1635.0  0.3157  0.50712  -0.16229  0.52683  -0.083683  0.58102  -0.018302  0.077348  -0.28378  0.15703  -0.086644  0.055061  -0.17702  0.14748  0.18627  0.30967  -0.048095  0.15007  -0.037858  0.0070768  0.37723  0.40566  0.013487  0.000944  0.0079185  0.0050417  0.10892  0.013197  0.036967  0.0044703  0.012706  0.00031702  -0.0041248  0.00044612  0.0021199  0.00012708  0.013728  0.00094173  -0.0026411  0.00012591
1640.0  0.32123  0.53998  -0.17476  0.54162  -0.085002  0.57753  -0.014524  0.08333  -0.28465  0.15872  -0.080606  0.056269  -0.17043  0.14223  0.169  0.33011  -0.05383  0.15231  -0.037692  0.0073285  0.36738  0.45661  0.013693  0.0010056  0.009244  0.0056916  0.11259  0.014199  0.03814  0.0047125  0.013066  0.00033552  -0.0041391  0.00046909  0.0023292  0.00013981  0.014244  0.00097409  -0.0026705  0.00012756
1645.0  0.32116  0.57499  -0.18767  0.55388  -0.085834  0.57401  -0.010899  0.089982  -0.28543  0.1604  -0.07466  0.057689  -0.16399  0.13747  0.14849  0.34843  -0.05957  0.15414  -0.037509  0.0075925  0.34847  0.5092  0.013899  0.0010697  0.010671  0.0064422  0.11637  0.015281  0.039334  0.0049741  0.01343  0.00035398  -0.0041514  0.00049532  0.0025449  0.00015372  0.014772  0.0010136  -0.0026996  0.00013066
1650.0  0.31502  0.61089  -0.20059  0.56379  -0.086195  0.57049  -0.0075503  0.097347  -0.28612  0.16206  -0.06882  0.059323  -0.15768  0.13317  0.12517  0.36389  -0.065258  0.15559  -0.037309  0.0078697  0.31934  0.56115  0.014102  0.0011367  0.012202  0.0073098  0.12027  0.016452  0.04055  0.0052562  0.013796  0.00037259  -0.0041615  0.00052511  0.0027669  0.00016897  0.015313  0.0010606  -0.0027284  0.0001353
1655.0  0.30264  0.64629  -0.21316  0.5716  -0.086095  0.56702  -0.0046258  0.10545  -0.28672  0.16372  -0.0631  0.06117  -0.15151  0.12928  0.099706  0.37589  -0.070837  0.15666  -0.037092  0.0081607  0.27956  0.60959  0.014304  0.0012071  0.01384  0.008313  0.12428  0.017718  0.041789  0.0055605  0.014167  0.00039159  -0.0041691  0.00055876  0.0029955  0.00018575  0.015866  0.0011157  -0.0027567  0.00014153
1660.0  0.28427  0.67982  -0.22514  0.57757  -0.085544  0.56363  -0.0023005  0.11427  -0.28724  0.16536  -0.057515  0.063229  -0.14546  0.12578  0.072904  0.38401  -0.076259  0.15738  -0.03686  0.0084661  0.22982  0.65135  0.014503  0.0012811  0.015586  0.0094729  0.1284  0.019089  0.043052  0.0058882  0.01454  0.00041118  -0.004174  0.00059658  0.0032306  0.00020426  0.016433  0.0011791  -0.0027843  0.00014943
1665.0  0.26047  0.71025  -0.23635  0.58197  -0.084544  0.56036  -0.00076991  0.12376  -0.28768  0.16699  -0.052081  0.065496  -0.13954  0.12265  0.045656  0.38812  -0.081483  0.1578  -0.036613  0.0087862  0.17199  0.68349  0.014701  0.0013593  0.017436  0.010813  0.13265  0.020574  0.044338  0.0062408  0.014916  0.00043159  -0.0041758  0.00063887  0.0034724  0.00022469  0.017015  0.0012512  -0.0028111  0.00015904
1670.0  0.23215  0.73665  -0.24669  0.58505  -0.083096  0.55724  -0.00023817  0.13381  -0.28803  0.16861  -0.046813  0.067965  -0.13374  0.11985  0.018833  0.38833  -0.086476  0.15796  -0.03635  0.0091213  0.10905  0.7039  0.014896  0.0014419  0.019385  0.012359  0.13703  0.022183  0.045649  0.0066196  0.015296  0.00045304  -0.0041743  0.00068595  0.003721  0.00024721  0.017612  0.0013324  -0.002837  0.00017042
1675.0  0.20039  0.75882  -0.25613  0.58706  -0.081198  0.55434  -0.00089888  0.14423  -0.28831  0.17021  -0.041728  0.070626  -0.12807  0.11738  -0.0068029  0.38498  -0.091218  0.1579  -0.036074  0.0094716  0.044579  0.71171  0.015089  0.0015294  0.021424  0.014139  0.14153  0.023926  0.046985  0.0070259  0.015678  0.00047573  -0.0041693  0.00073817  0.0039765  0.00027203  0.018224  0.001423  -0.0028618  0.00018362
1680.0  0.16511  0.77824  -0.26465  0.58818  -0.078858  0.55169  -0.0029086  0.15476  -0.2885  0.17179  -0.036841  0.073471  -0.12252  0.11521  -0.030656  0.37858  -0.095697  0.15766  -0.035784  0.0098371  -0.017899  0.70745  0.015279  0.001622  0.023537  0.016183  0.14616  0.025815  0.048347  0.0074609  0.016064  0.00049986  -0.0041606  0.00079585  0.0042389  0.00029933  0.018852  0.0015232  -0.0028855  0.0001987
1685.0  0.11749  0.795  -0.27223  0.58852  -0.076011  0.5493  -0.0063421  0.16505  -0.28861  0.17332  -0.032165  0.076484  -0.11709  0.11333  -0.052325  0.36972  -0.099912  0.1573  -0.03548  0.010218  -0.075465  0.69275  0.015467  0.00172  0.025701  0.018521  0.15092  0.027863  0.049734  0.0079262  0.016453  0.00052562  -0.004148  0.00085935  0.0045083  0.00032929  0.019497  0.0016334  -0.0029079  0.00021572
1690.0  0.059365  0.76534  -0.27864  0.58828  -0.07232  0.54751  -0.011117  0.17477  -0.28854  0.17474  -0.027712  0.079652  -0.11178  0.1117  -0.071592  0.35901  -0.10387  0.15685  -0.035163  0.010613  -0.12616  0.66997  0.015651  0.0018236  0.027889  0.021183  0.15581  0.030081  0.051147  0.0084227  0.016845  0.0005532  -0.0041315  0.00092903  0.0047848  0.0003621  0.020159  0.0017539  -0.002929  0.00023475
1695.0  0.053133  0.74415  -0.28424  0.58797  -0.068467  0.54701  -0.017156  0.18362  -0.28823  0.17627  -0.023494  0.082961  -0.10659  0.11033  -0.088404  0.34703  -0.10757  0.15634  -0.034833  0.011024  -0.16904  0.64162  0.015833  0.0019331  0.030064  0.024197  0.16083  0.032485  0.052586  0.0089519  0.01724  0.00058278  -0.0041109  0.0010053  0.0050684  0.00039791  0.020839  0.0018851  -0.0029487  0.00025587
1700.0  0.04391  0.73989  -0.28919  0.58742  -0.064981  0.54732  -0.024257  0.19124  -0.28782  0.17791  -0.019522  0.08639  -0.10153  0.10919  -0.10283  0.33426  -0.11105  0.15581  -0.03449  0.01145  -0.204  0.61005  0.016011  0.0020486  0.032179  0.027585  0.16599  0.035088  0.05405  0.009515  0.017638  0.00061454  -0.0040862  0.0010884  0.0053593  0.00043691  0.021537  0.0020273  -0.002967  0.00027915
1705.0  0.030501  0.73843  -0.29347  0.58668  -0.061887  0.54825  -0.032033  0.19737  -0.28735  0.17963  -0.015801  0.089919  -0.096589  0.10827  -0.11502  0.32114  -0.1143  0.15527  -0.034133  0.01189  -0.23155  0.57719  0.016186  0.0021703  0.034181  0.031365  0.17128  0.037908  0.05554  0.010113  0.018039  0.00064866  -0.0040575  0.0011789  0.0056576  0.00047926  0.022253  0.0021809  -0.0029839  0.00030468
1710.0  0.01515  0.73683  -0.29712  0.58581  -0.059277  0.54966  -0.040055  0.20191  -0.28682  0.18142  -0.012336  0.093527  -0.091769  0.10755  -0.12518  0.30798  -0.11735  0.15475  -0.033763  0.012345  -0.25253  0.54448  0.016358  0.0022983  0.03601  0.035542  0.1767  0.04096  0.057057  0.010748  0.018444  0.00068535  -0.0040246  0.001277  0.0059632  0.00052513  0.022987  0.0023463  -0.0029993  0.00033257
1715.0  -0.0010451  0.73418  -0.30019  0.58489  -0.05722  0.55141  -0.047902  0.20491  -0.28624  0.18326  -0.0091289  0.097193  -0.087069  0.10701  -0.13352  0.29503  -0.12023  0.15427  -0.033379  0.012815  -0.2679  0.51292  0.016527  0.0024328  0.037602  0.040111  0.18226  0.044265  0.058598  0.01142  0.018851  0.00072482  -0.0039878  0.0013831  0.0062764  0.00057467  0.023741  0.0025239  -0.0030133  0.0003629
1720.0  -0.017335  0.73014  -0.30274  0.58395  -0.055737  0.55334  -0.055211  0.20656  -0.28563  0.18514  -0.0061772  0.1009  -0.082486  0.10665  -0.14029  0.28246  -0.12294  0.15382  -0.03298  0.0133  -0.27866  0.48314  0.016692  0.0025739  0.038889  0.045053  0.18794  0.04784  0.060164  0.012131  0.019261  0.00076729  -0.0039471  0.0014976  0.0065972  0.00062807  0.024513  0.0027142  -0.0030257  0.00039579
1725.0  -0.033153  0.72469  -0.30482  0.58304  -0.054811  0.5553  -0.061717  0.20712  -0.28497  0.18706  -0.0034774  0.10462  -0.078018  0.10646  -0.14568  0.2704  -0.1255  0.15342  -0.032566  0.013799  -0.28568  0.45548  0.016854  0.0027219  0.039808  0.050334  0.19376  0.051709  0.061756  0.012881  0.019675  0.00081302  -0.0039027  0.0016208  0.0069258  0.0006855  0.025305  0.0029176  -0.0030368  0.00043133
1730.0  -0.048095  0.71797  -0.30649  0.58219  -0.054398  0.55718  -0.067265  0.20689  -0.28428  0.18899  -0.0010228  0.10833  -0.073661  0.10641  -0.1499  0.25891  -0.12793  0.15307  -0.032136  0.014315  -0.28975  0.43009  0.017013  0.002877  0.040301  0.055906  0.19969  0.055893  0.063371  0.013673  0.020092  0.00086227  -0.0038548  0.0017529  0.0072622  0.00074713  0.026117  0.0031346  -0.0030464  0.00046961
1735.0  -0.061907  0.71021  -0.30779  0.58143  -0.054435  0.55887  -0.071804  0.20618  -0.28355  0.19093  0.0011959  0.11203  -0.06941  0.1065  -0.15313  0.24803  -0.13023  0.15277  -0.031689  0.014847  -0.29153  0.40695  0.017168  0.0030393  0.040322  0.061711  0.20574  0.060419  0.065011  0.014507  0.020513  0.00091534  -0.0038035  0.0018941  0.0076069  0.00081317  0.026948  0.0033657  -0.0030547  0.00051073
1740.0  -0.074454  0.70168  -0.30877  0.58075  -0.054849  0.5603  -0.075368  0.20526  -0.28278  0.19286  0.0031904  0.11569  -0.06526  0.10672  -0.15551  0.23777  -0.13243  0.15253  -0.031225  0.015396  -0.29155  0.386  0.017322  0.0032094  0.039835  0.067681  0.21191  0.065314  0.066675  0.015384  0.020936  0.00097255  -0.0037491  0.0020447  0.0079598  0.00088383  0.027799  0.0036112  -0.0030617  0.00055477
1745.0  -0.0857  0.69264  -0.30948  0.58019  -0.05556  0.56143  -0.078046  0.20434  -0.28194  0.19479  0.0049745  0.11929  -0.061208  0.10706  -0.15718  0.22814  -0.13453  0.15235  -0.030741  0.015965  -0.29025  0.3671  0.017473  0.0033874  0.03882  0.073745  0.21818  0.070607  0.068362  0.016306  0.021364  0.0010342  -0.0036917  0.0022048  0.0083213  0.00095933  0.02867  0.0038717  -0.0030675  0.0006018
1750.0  -0.095672  0.6833  -0.30996  0.57974  -0.05649  0.56221  -0.079966  0.2036  -0.28104  0.1967  0.0065636  0.12282  -0.057246  0.10751  -0.15825  0.21911  -0.13654  0.15222  -0.030239  0.016553  -0.28798  0.35009  0.017622  0.0035739  0.037269  0.079832  0.22454  0.076333  0.070072  0.017273  0.021795  0.0011008  -0.0036316  0.0023744  0.0086916  0.0010399  0.029561  0.0041477  -0.0030721  0.00065187
1755.0  -0.10444  0.67385  -0.31025  0.5794  -0.057563  0.56264  -0.081264  0.20313  -0.28006  0.1986  0.0079746  0.12629  -0.053372  0.10806  -0.15882  0.21067  -0.13847  0.15215  -0.029716  0.017164  -0.28501  0.33481  0.017769  0.0037695  0.035186  0.085871  0.23098  0.082525  0.071804  0.018287  0.02223  0.0011726  -0.0035689  0.0025536  0.009071  0.001126  0.030473  0.0044394  -0.0030756  0.00070504
1760.0  -0.11209  0.66442  -0.3104  0.57917  -0.058706  0.5627  -0.082079  0.20302  -0.27897  0.20049  0.0092245  0.12967  -0.049578  0.10872  -0.15897  0.20278  -0.14032  0.15214  -0.029174  0.017799  -0.28155  0.32109  0.017916  0.0039745  0.032586  0.091797  0.23748  0.089223  0.073558  0.019348  0.02267  0.0012501  -0.0035038  0.0027423  0.0094599  0.0012177  0.031404  0.0047475  -0.0030781  0.00076134
1765.0  -0.11873  0.65514  -0.31042  0.57903  -0.059854  0.56242  -0.082539  0.20329  -0.27777  0.20238  0.01033  0.13296  -0.045861  0.10947  -0.15878  0.19542  -0.14212  0.15218  -0.028611  0.018461  -0.27777  0.30876  0.018061  0.0041897  0.02949  0.097553  0.24402  0.096469  0.075333  0.020459  0.023115  0.0013336  -0.0034364  0.0029405  0.0098585  0.0013154  0.032356  0.0050722  -0.0030796  0.00082079
1770.0  -0.12447  0.64607  -0.31035  0.57897  -0.060951  0.56179  -0.082756  0.20394  -0.27644  0.20428  0.011308  0.13618  -0.042217  0.11031  -0.15829  0.18856  -0.14386  0.15227  -0.028028  0.019153  -0.27379  0.29769  0.018207  0.0044158  0.025925  0.10308  0.25057  0.10431  0.077129  0.021619  0.023564  0.0014237  -0.0033667  0.0031481  0.010267  0.0014197  0.033328  0.0054141  -0.0030804  0.00088342
1775.0  -0.12941  0.63727  -0.31021  0.57898  -0.061944  0.56087  -0.082826  0.20496  -0.27498  0.20621  0.012172  0.13931  -0.03864  0.11124  -0.15756  0.18217  -0.14554  0.15241  -0.027425  0.019877  -0.26972  0.28772  0.018353  0.0046534  0.021922  0.10834  0.25709  0.11279  0.078945  0.022831  0.024019  0.0015208  -0.0032947  0.0033651  0.010686  0.0015308  0.03432  0.0057734  -0.0030803  0.00094923
1780.0  -0.13365  0.62879  -0.31002  0.57903  -0.062792  0.55966  -0.082826  0.20632  -0.27338  0.20819  0.012933  0.14237  -0.035128  0.11224  -0.15663  0.17622  -0.14718  0.15259  -0.026804  0.020635  -0.26562  0.27874  0.0185  0.0049034  0.017517  0.11327  0.26355  0.12196  0.08078  0.024095  0.02448  0.0016254  -0.0032205  0.0035915  0.011116  0.0016492  0.035332  0.0061507  -0.0030797  0.0010183
1785.0  -0.13727  0.62062  -0.30978  0.57911  -0.06346  0.55822  -0.082818  0.208  -0.27163  0.21023  0.013601  0.14536  -0.031678  0.11333  -0.15553  0.17067  -0.14878  0.15281  -0.026166  0.021432  -0.26154  0.27064  0.018648  0.0051665  0.012747  0.11784  0.26987  0.13187  0.082634  0.025413  0.024947  0.001738  -0.0031438  0.0038271  0.011557  0.0017755  0.036364  0.0065463  -0.0030784  0.0010905
1790.0  -0.14035  0.61278  -0.30951  0.57921  -0.063922  0.55657  -0.08285  0.20994  -0.26975  0.21238  0.014182  0.14829  -0.028286  0.1145  -0.1543  0.16551  -0.15035  0.15307  -0.025513  0.02227  -0.25752  0.2633  0.018797  0.0054434  0.0076584  0.122  0.27601  0.14258  0.084505  0.026786  0.025421  0.001859  -0.0030647  0.0040721  0.012009  0.0019103  0.037416  0.0069607  -0.0030767  0.001166
1795.0  -0.14296  0.60528  -0.30921  0.5793  -0.06416  0.55476  -0.082959  0.21211  -0.26773  0.21463  0.01468  0.15117  -0.024951  0.11574  -0.15296  0.16069  -0.15187  0.15335  -0.024847  0.023151  -0.2536  0.25665  0.018948  0.0057351  0.0022995  0.12572  0.28188  0.15413  0.086392  0.028216  0.025903  0.0019889  -0.0029829  0.0043265  0.012474  0.002054  0.038486  0.0073944  -0.0030747  0.0012447
1800.0  -0.14515  0.59809  -0.30887  0.57938  -0.064162  0.55282  -0.083169  0.21448  -0.26558  0.21701  0.015093  0.154  -0.02167  0.11705  -0.15153  0.15621  -0.15336  0.15365  -0.024171  0.02408  -0.24977  0.2506  0.019101  0.0060422  -0.0032738  0.12898  0.28738  0.16658  0.088293  0.029705  0.026391  0.0021283  -0.0028984  0.0045905  0.01295  0.0022074  0.039576  0.0078478  -0.0030724  0.0013268
1805.0  -0.14699  0.59121  -0.30848  0.57942  -0.063925  0.5508  -0.083502  0.21701  -0.26333  0.21955  0.015422  0.1568  -0.018442  0.11844  -0.15003  0.15204  -0.15481  0.15398  -0.023488  0.025058  -0.24606  0.24509  0.019256  0.0063655  -0.0090002  0.13174  0.29241  0.17996  0.090208  0.031255  0.026888  0.0022776  -0.0028109  0.0048643  0.013438  0.002371  0.040684  0.0083215  -0.00307  0.0014122
1810.0  -0.14851  0.58462  -0.30805  0.57943  -0.063449  0.54872  -0.08397  0.21968  -0.26099  0.22225  0.015661  0.15955  -0.015267  0.11989  -0.14846  0.14815  -0.15623  0.15432  -0.022804  0.026088  -0.24247  0.24005  0.019413  0.0067057  -0.014814  0.13399  0.29684  0.1943  0.092134  0.032867  0.027393  0.0024373  -0.0027205  0.0051484  0.013938  0.0025458  0.04181  0.008816  -0.0030676  0.0015011
1815.0  -0.14975  0.5783  -0.30757  0.5794  -0.062741  0.54663  -0.084583  0.22245  -0.25857  0.22514  0.015807  0.16227  -0.012142  0.12142  -0.14685  0.14453  -0.1576  0.15468  -0.022121  0.027172  -0.23899  0.23543  0.019571  0.0070635  -0.020647  0.13574  0.30051  0.20961  0.094069  0.034543  0.027907  0.0026079  -0.002627  0.005443  0.014451  0.0027322  0.042954  0.0093319  -0.0030653  0.0015936
1820.0  -0.15073  0.57225  -0.30701  0.57933  -0.06181  0.54454  -0.085349  0.22529  -0.25611  0.22823  0.015854  0.16495  -0.0090699  0.12301  -0.1452  0.14115  -0.15893  0.15504  -0.021447  0.028313  -0.23563  0.2312  0.019731  0.0074393  -0.026431  0.137  0.30326  0.22589  0.096011  0.036285  0.028429  0.0027899  -0.0025304  0.0057487  0.014976  0.0029312  0.044115  0.0098698  -0.0030633  0.0016897
1825.0  -0.15149  0.56643  -0.30638  0.57921  -0.060672  0.54249  -0.086273  0.22818  -0.25363  0.23152  0.015797  0.16759  -0.0060491  0.12467  -0.14351  0.13801  -0.16022  0.15542  -0.020786  0.029509  -0.23239  0.22729  0.019891  0.0078337  -0.032101  0.13777  0.30492  0.24311  0.097957  0.038096  0.028961  0.0029838  -0.0024309  0.0060659  0.015514  0.0031434  0.045292  0.01043  -0.0030618  0.0017895
1830.0  -0.15204  0.56084  -0.30567  0.57907  -0.059344  0.5405  -0.087358  0.2311  -0.25115  0.23501  0.015634  0.17018  -0.003081  0.1264  -0.1418  0.13509  -0.16145  0.15581  -0.020146  0.030763  -0.22926  0.2237  0.020052  0.0082471  -0.037598  0.13811  0.3053  0.2612  0.099904  0.039976  0.029501  0.0031901  -0.0023286  0.0063951  0.016064  0.0033697  0.046485  0.011014  -0.003061  0.0018932
1835.0  -0.1524  0.55546  -0.30486  0.57889  -0.057844  0.53858  -0.088606  0.23403  -0.24871  0.23872  0.01536  0.17271  -0.00016715  0.12819  -0.14007  0.13237  -0.16263  0.15621  -0.019532  0.032073  -0.22624  0.22037  0.020211  0.0086796  -0.042869  0.13804  0.30419  0.28006  0.10185  0.041928  0.030051  0.0034093  -0.0022237  0.0067369  0.016626  0.0036108  0.047693  0.011622  -0.0030609  0.0020009
1840.0  -0.15257  0.55028  -0.30396  0.5787  -0.056195  0.53676  -0.090019  0.23693  -0.24633  0.24262  0.014977  0.17517  0.0026903  0.13005  -0.13832  0.12983  -0.16376  0.15663  -0.018953  0.033438  -0.22332  0.21729  0.02037  0.0091315  -0.047875  0.13763  0.3014  0.29953  0.10379  0.043953  0.030611  0.0036418  -0.0021164  0.0070918  0.0172  0.0038675  0.048916  0.012253  -0.0030618  0.0021126
1845.0  -0.15258  0.5453  -0.30295  0.5785  -0.054419  0.53504  -0.091593  0.23978  -0.24404  0.24672  0.014487  0.17755  0.0054887  0.13198  -0.13657  0.12749  -0.16483  0.15706  -0.018414  0.034854  -0.22051  0.21444  0.020526  0.0096027  -0.052584  0.13691  0.29676  0.31942  0.10572  0.046053  0.031179  0.0038881  -0.0020072  0.0074603  0.017785  0.0041406  0.050153  0.01291  -0.0030639  0.0022285
1850.0  -0.15242  0.54049  -0.30185  0.57831  -0.052539  0.53342  -0.093324  0.24257  -0.24187  0.251  0.013893  0.17985  0.0082244  0.13397  -0.1348  0.12531  -0.16585  0.15752  -0.017925  0.036316  -0.21779  0.21179  0.020678  0.010093  -0.056978  0.13596  0.29011  0.33948  0.10765  0.048228  0.031757  0.0041486  -0.0018963  0.0078427  0.018382  0.0044309  0.051404  0.013592  -0.0030673  0.0023487
1855.0  -0.15212  0.53587  -0.30064  0.57815  -0.050578  0.53192  -0.095205  0.24526  -0.23984  0.25545  0.013203  0.18204  0.010894  0.13603  -0.13303  0.1233  -0.1668  0.158  -0.01749  0.03782  -0.21517  0.20932  0.020826  0.010603  -0.061048  0.13481  0.28133  0.35942  0.10956  0.05048  0.032343  0.0044239  -0.0017843  0.0082394  0.018989  0.0047391  0.052668  0.014301  -0.0030723  0.0024733
1860.0  -0.15166  0.53141  -0.29934  0.57801  -0.048557  0.53053  -0.097224  0.24784  -0.23798  0.26003  0.012427  0.18413  0.013492  0.13816  -0.13125  0.12143  -0.1677  0.15851  -0.017116  0.039358  -0.21264  0.20702  0.020969  0.01113  -0.064793  0.13353  0.27038  0.37893  0.11145  0.052811  0.032938  0.0047143  -0.0016713  0.0086507  0.019606  0.0050658  0.053946  0.015036  -0.0030788  0.0026023
1865.0  -0.15108  0.52713  -0.29795  0.57792  -0.046497  0.52924  -0.099369  0.25028  -0.2363  0.26473  0.011574  0.1861  0.016013  0.14035  -0.12948  0.11972  -0.16855  0.15906  -0.016807  0.040923  -0.2102  0.20487  0.021105  0.011676  -0.068223  0.13216  0.25725  0.39764  0.11332  0.05522  0.033541  0.0050203  -0.0015577  0.0090768  0.020233  0.0054119  0.055236  0.015798  -0.0030872  0.0027359
1870.0  -0.15036  0.52302  -0.29649  0.57789  -0.044416  0.52804  -0.10162  0.25256  -0.23481  0.26952  0.010659  0.18795  0.018453  0.14261  -0.1277  0.11815  -0.16935  0.15965  -0.016566  0.042504  -0.20785  0.20285  0.021233  0.01224  -0.071352  0.13073  0.24204  0.41521  0.11518  0.057709  0.034152  0.0053425  -0.0014438  0.009518  0.020868  0.0057779  0.05654  0.016589  -0.0030974  0.002874
1875.0  -0.14952  0.51907  -0.29496  0.57792  -0.042327  0.52692  -0.10396  0.25467  -0.23353  0.27435  0.0096932  0.18967  0.020806  0.14493  -0.12593  0.11671  -0.1701  0.16027  -0.016395  0.044094  -0.20559  0.20096  0.021351  0.01282  -0.074198  0.12929  0.22489  0.43129  0.117  0.06028  0.03477  0.0056812  -0.0013298  0.0099742  0.021512  0.0061644  0.057858  0.017408  -0.0031096  0.0030168
1880.0  -0.14858  0.5153  -0.29337  0.57803  -0.040242  0.52587  -0.10637  0.25659  -0.23246  0.27922  0.0086922  0.19126  0.023065  0.14731  -0.12417  0.11539  -0.17081  0.16094  -0.016295  0.045683  -0.20341  0.19918  0.02146  0.013417  -0.076781  0.12787  0.20604  0.44557  0.11881  0.062934  0.035394  0.0060369  -0.0012158  0.010446  0.022163  0.0065721  0.059189  0.018258  -0.0031236  0.0031642
1885.0  -0.14753  0.51169  -0.29174  0.57822  -0.038169  0.52488  -0.10882  0.25831  -0.23159  0.28407  0.0076695  0.19273  0.025226  0.14975  -0.12241  0.1142  -0.17149  0.16166  -0.016263  0.04726  -0.2013  0.1975  0.021557  0.014028  -0.079127  0.12648  0.18579  0.45781  0.12059  0.065673  0.036024  0.0064102  -0.0011016  0.010932  0.022821  0.0070014  0.060536  0.019138  -0.0031396  0.0033163
1890.0  -0.1464  0.50825  -0.29008  0.57849  -0.036112  0.52393  -0.11129  0.25983  -0.23092  0.28889  0.0066383  0.19408  0.027283  0.15224  -0.12066  0.11313  -0.17212  0.16242  -0.016297  0.048817  -0.19927  0.1959  0.021643  0.014655  -0.081258  0.12515  0.16448  0.46781  0.12234  0.068499  0.03666  0.0068016  -0.00098704  0.011434  0.023485  0.007453  0.061898  0.02005  -0.0031573  0.0034733
1895.0  -0.14518  0.50497  -0.28841  0.57884  -0.034072  0.52301  -0.11376  0.26115  -0.23043  0.29365  0.0056112  0.1953  0.029232  0.15478  -0.11892  0.11216  -0.17274  0.16322  -0.016391  0.050346  -0.19731  0.19438  0.021715  0.015295  -0.083197  0.12389  0.14247  0.47546  0.12406  0.071416  0.037301  0.0072118  -0.00087191  0.011952  0.024154  0.0079272  0.063276  0.020995  -0.0031768  0.0036351
1900.0  -0.1439  0.50186  -0.28673  0.57927  -0.032046  0.5221  -0.11619  0.26226  -0.2301  0.29833  0.0045988  0.19642  0.031069  0.15736  -0.1172  0.11131  -0.17332  0.16407  -0.016542  0.05184  -0.19542  0.19293  0.021773  0.015948  -0.084966  0.12271  0.12014  0.48073  0.12575  0.074426  0.037945  0.0076413  -0.00075573  0.012485  0.024827  0.0084246  0.064673  0.021976  -0.0031977  0.0038018
1905.0  -0.14257  0.49891  -0.28506  0.57978  -0.030028  0.5212  -0.11857  0.26318  -0.22991  0.30291  0.0036107  0.19743  0.032789  0.15998  -0.11548  0.11055  -0.17389  0.16496  -0.016741  0.053293  -0.19358  0.19153  0.021816  0.016615  -0.086587  0.12161  0.097861  0.48367  0.12741  0.077535  0.038593  0.0080909  -0.00063798  0.013035  0.025504  0.0089457  0.066088  0.022994  -0.00322  0.0039737
1910.0  -0.14119  0.49611  -0.28341  0.58037  -0.02801  0.52029  -0.12088  0.26392  -0.22986  0.30738  0.0026543  0.19835  0.03439  0.16264  -0.11378  0.1099  -0.17444  0.16588  -0.016982  0.054701  -0.19179  0.1902  0.021844  0.017292  -0.088078  0.1206  0.075949  0.48439  0.12904  0.080746  0.039243  0.0085613  -0.00051807  0.013601  0.026183  0.0094907  0.067523  0.024052  -0.0032433  0.0041508
1915.0  -0.13979  0.49347  -0.2818  0.58103  -0.025983  0.51937  -0.1231  0.26448  -0.2299  0.31174  0.0017354  0.19918  0.035869  0.16533  -0.11208  0.10934  -0.17498  0.16684  -0.017258  0.056058  -0.19005  0.18891  0.021855  0.017982  -0.089456  0.11968  0.054694  0.48307  0.13063  0.084064  0.039894  0.0090533  -0.00039538  0.014184  0.026865  0.01006  0.06898  0.025152  -0.0032675  0.0043333
1920.0  -0.13836  0.49097  -0.28023  0.58175  -0.023937  0.51844  -0.12521  0.26489  -0.23003  0.31597  0.00085824  0.19994  0.037225  0.16804  -0.1104  0.10887  -0.1755  0.16784  -0.017562  0.057365  -0.18835  0.18767  0.021849  0.018682  -0.090737  0.11884  0.034329  0.47989  0.13218  0.087496  0.040546  0.0095677  -0.00026931  0.014786  0.027547  0.010654  0.070458  0.026296  -0.0032921  0.0045216
1925.0  -0.13691  0.48862  -0.2787  0.58254  -0.021861  0.5175  -0.12721  0.26515  -0.23023  0.32008  2.5434e-05  0.20063  0.038456  0.17078  -0.10874  0.1085  -0.17602  0.16887  -0.017885  0.058619  -0.18669  0.18647  0.021825  0.019393  -0.091935  0.11809  0.015032  0.47509  0.13368  0.091046  0.041198  0.010105  -0.00013932  0.015406  0.028229  0.011273  0.07196  0.027489  -0.003317  0.0047159
1930.0  -0.13547  0.4864  -0.27723  0.58337  -0.019746  0.51656  -0.12907  0.26529  -0.23047  0.32408  -0.00076162  0.20126  0.03956  0.17353  -0.10708  0.10821  -0.17652  0.16993  -0.018221  0.059821  -0.18506  0.18532  0.021782  0.020115  -0.09306  0.11742  -0.0030718  0.46892  0.13513  0.094721  0.041848  0.010668  -4.9627e-06  0.016046  0.028911  0.011918  0.073486  0.028732  -0.003342  0.0049165
1935.0  -0.13403  0.48431  -0.27581  0.58426  -0.017585  0.51562  -0.13081  0.26533  -0.23075  0.32796  -0.0015025  0.20184  0.040537  0.17629  -0.10544  0.10802  -0.17702  0.17101  -0.018563  0.06097  -0.18345  0.18421  0.02172  0.020846  -0.094123  0.11683  -0.019908  0.46159  0.13652  0.098526  0.042495  0.011255  0.00013405  0.016708  0.029591  0.012588  0.075035  0.03003  -0.0033668  0.0051239
1940.0  -0.13261  0.48234  -0.27446  0.58518  -0.01537  0.51469  -0.13241  0.26529  -0.23106  0.33173  -0.0021976  0.20238  0.041385  0.17906  -0.10381  0.10791  -0.1775  0.17212  -0.018905  0.062069  -0.18186  0.18315  0.021638  0.021587  -0.095131  0.11631  -0.035445  0.45334  0.13784  0.10247  0.043139  0.011869  0.00027785  0.017393  0.030269  0.013284  0.076609  0.031386  -0.0033913  0.0053385
1945.0  -0.1312  0.48047  -0.27318  0.58613  -0.013098  0.51379  -0.13387  0.26518  -0.23138  0.33541  -0.0028477  0.20288  0.042103  0.18184  -0.10219  0.10788  -0.17798  0.17326  -0.019242  0.063119  -0.1803  0.18213  0.021535  0.022337  -0.096092  0.11585  -0.049685  0.44437  0.13909  0.10655  0.043779  0.012509  0.00042637  0.018102  0.030944  0.014006  0.078206  0.032803  -0.0034154  0.0055605
1950.0  -0.12981  0.47872  -0.27197  0.58711  -0.010769  0.51292  -0.13521  0.26501  -0.23171  0.339  -0.0034539  0.20335  0.042691  0.18461  -0.10059  0.10795  -0.17844  0.17442  -0.019567  0.064124  -0.17875  0.18115  0.021412  0.023096  -0.097011  0.11545  -0.062661  0.43486  0.14025  0.11077  0.044413  0.013178  0.00057937  0.018836  0.031615  0.014753  0.079826  0.034286  -0.0034391  0.0057906
1955.0  -0.12844  0.47705  -0.27082  0.58812  -0.0083831  0.5121  -0.13642  0.26481  -0.23206  0.3425  -0.0040172  0.20379  0.043147  0.18737  -0.099008  0.10809  -0.17889  0.1756  -0.019876  0.065085  -0.17722  0.18022  0.021266  0.023863  -0.097891  0.11511  -0.074424  0.42497  0.1413  0.11513  0.04504  0.013877  0.0007364  0.019596  0.032283  0.015527  0.081469  0.035837  -0.0034623  0.0060289
1960.0  -0.12711  0.47548  -0.26976  0.58914  -0.0059456  0.51134  -0.13751  0.26459  -0.2324  0.34592  -0.0045389  0.20421  0.04347  0.19013  -0.09744  0.10832  -0.17933  0.1768  -0.020165  0.066006  -0.1757  0.17934  0.021099  0.024638  -0.098737  0.11482  -0.085041  0.41484  0.14225  0.11964  0.045659  0.014605  0.00089689  0.020384  0.032945  0.016327  0.083132  0.03746  -0.0034852  0.0062759
1965.0  -0.1258  0.47398  -0.26876  0.59017  -0.0034634  0.51066  -0.1385  0.26435  -0.23275  0.34927  -0.0050199  0.2046  0.043659  0.19286  -0.095892  0.10864  -0.17977  0.17803  -0.020429  0.066892  -0.17421  0.17851  0.020909  0.025422  -0.099551  0.11458  -0.094587  0.40457  0.14307  0.1243  0.04627  0.015366  0.0010601  0.021201  0.033603  0.017154  0.084815  0.039158  -0.0035079  0.0065319
1970.0  -0.12451  0.47256  -0.26785  0.59121  -0.00094597  0.51005  -0.13938  0.26411  -0.23311  0.35255  -0.005461  0.20498  0.043714  0.19557  -0.094367  0.10904  -0.18019  0.17928  -0.020666  0.067745  -0.17274  0.17773  0.020697  0.026212  -0.10034  0.11438  -0.10314  0.39426  0.14375  0.1291  0.046871  0.016158  0.0012252  0.022048  0.034256  0.018007  0.086514  0.040935  -0.0035305  0.0067971
1975.0  -0.12325  0.47122  -0.26701  0.59225  0.0015956  0.50954  -0.14017  0.26388  -0.23347  0.35576  -0.005863  0.20534  0.043635  0.19824  -0.092866  0.10953  -0.18061  0.18056  -0.020872  0.068571  -0.17129  0.17699  0.020462  0.027009  -0.10109  0.11422  -0.11078  0.38397  0.14427  0.13403  0.047461  0.016984  0.0013913  0.022924  0.034903  0.018887  0.088228  0.042792  -0.0035533  0.0070719
1980.0  -0.12201  0.46994  -0.26625  0.59329  0.0041488  0.50912  -0.14089  0.26365  -0.23383  0.3589  -0.0062265  0.2057  0.043422  0.20086  -0.091393  0.1101  -0.18101  0.18186  -0.021046  0.069373  -0.16986  0.1763  0.020206  0.027812  -0.10182  0.11409  -0.11759  0.37377  0.14462  0.1391  0.04804  0.017845  0.0015576  0.023832  0.035545  0.019794  0.089954  0.044735  -0.0035763  0.0073563
1985.0  -0.1208  0.46872  -0.26558  0.59432  0.0067001  0.5088  -0.14153  0.26344  -0.2342  0.36197  -0.0065521  0.20605  0.043075  0.20344  -0.089951  0.11075  -0.18142  0.18318  -0.021184  0.070156  -0.16846  0.17565  0.019927  0.028622  -0.10252  0.114  -0.12363  0.36368  0.14479  0.14429  0.048605  0.018741  0.0017232  0.024772  0.036181  0.020729  0.09169  0.046764  -0.0035998  0.0076504
1990.0  -0.11961  0.46756  -0.26499  0.59534  0.0092357  0.50857  -0.1421  0.26325  -0.23457  0.36497  -0.0068408  0.20639  0.042598  0.20595  -0.088542  0.11148  -0.18182  0.18453  -0.021287  0.070925  -0.16709  0.17503  0.019627  0.029437  -0.10319  0.11393  -0.12898  0.35374  0.14475  0.1496  0.049157  0.019674  0.0018872  0.025743  0.036812  0.021693  0.093432  0.048882  -0.003624  0.0079546
1995.0  -0.11844  0.46646  -0.26448  0.59634  0.011742  0.50845  -0.14262  0.26307  -0.23494  0.3679  -0.0070934  0.20674  0.041994  0.20839  -0.08717  0.11228  -0.18222  0.1859  -0.021353  0.071683  -0.16576  0.17445  0.019306  0.030258  -0.10384  0.11389  -0.13369  0.34397  0.1445  0.15501  0.049694  0.020646  0.002049  0.026747  0.037437  0.022687  0.095177  0.051093  -0.003649  0.0082688
2000.0  -0.11728  0.46542  -0.26406  0.59731  0.014205  0.50842  -0.14309  0.26291  -0.23532  0.37076  -0.0073113  0.20709  0.041266  0.21074  -0.085837  0.11317  -0.18262  0.18729  -0.021382  0.072435  -0.16445  0.1739  0.018965  0.031085  -0.10446  0.11387  -0.13782  0.33437  0.14403  0.16051  0.050216  0.021658  0.0022079  0.027783  0.038057  0.023711  0.096921  0.053398  -0.003675  0.0085932
2005.0  -0.11614  0.46443  -0.26372  0.59826  0.016614  0.50848  -0.14352  0.26276  -0.2357  0.37354  -0.0074962  0.20744  0.040422  0.21299  -0.084547  0.11412  -0.18303  0.1887  -0.021375  0.073186  -0.16319  0.17337  0.018604  0.031917  -0.10504  0.11386  -0.14141  0.32495  0.14331  0.16609  0.050719  0.022711  0.0023633  0.028852  0.038671  0.024768  0.098661  0.0558  -0.003702  0.0089279
2010.0  -0.11502  0.46349  -0.26346  0.59916  0.018957  0.50861  -0.14391  0.26264  -0.23607  0.37625  -0.0076501  0.20781  0.039468  0.21514  -0.083302  0.11514  -0.18344  0.19013  -0.021332  0.073939  -0.16195  0.17285  0.018224  0.032755  -0.10561  0.11388  -0.14451  0.31573  0.14233  0.17172  0.051205  0.023807  0.0025147  0.029955  0.039278  0.025859  0.10039  0.058301  -0.0037302  0.0092732
2015.0  -0.11392  0.46261  -0.26329  0.60002  0.021226  0.50882  -0.14427  0.26253  -0.23643  0.37887  -0.0077755  0.20819  0.038413  0.21717  -0.082105  0.11623  -0.18386  0.19158  -0.021253  0.074699  -0.16075  0.17235  0.017825  0.0336  -0.10614  0.1139  -0.14714  0.30668  0.14109  0.1774  0.05167  0.024948  0.0026616  0.031093  0.039878  0.026987  0.10211  0.060904  -0.0037597  0.0096293
2020.0  -0.11284  0.46178  -0.26319  0.60083  0.023412  0.50909  -0.1446  0.26243  -0.23678  0.38142  -0.0078755  0.20859  0.037267  0.21906  -0.080957  0.11738  -0.18429  0.19303  -0.021141  0.075469  -0.15959  0.17184  0.017407  0.03445  -0.10663  0.11394  -0.14933  0.29783  0.13957  0.18311  0.052113  0.026136  0.0028036  0.032266  0.04047  0.028152  0.10381  0.063611  -0.0037906  0.0099966
2025.0  -0.11177  0.46101  -0.26317  0.60159  0.025511  0.5094  -0.1449  0.26235  -0.23711  0.38388  -0.0079536  0.20901  0.036043  0.22082  -0.079861  0.11859  -0.18473  0.19449  -0.020998  0.076252  -0.15846  0.17133  0.016971  0.035308  -0.1071  0.114  -0.15111  0.28916  0.13777  0.18881  0.052531  0.027372  0.0029401  0.033476  0.041052  0.029358  0.10549  0.066425  -0.0038229  0.010375
2030.0  -0.11072  0.46028  -0.26322  0.60228  0.027517  0.50975  -0.14518  0.26228  -0.23741  0.38625  -0.0080135  0.20945  0.034753  0.22243  -0.078818  0.11986  -0.18518  0.19596  -0.020825  0.077052  -0.15735  0.17082  0.016517  0.036174  -0.10752  0.11406  -0.1525  0.28068  0.13566  0.1945  0.052922  0.028659  0.0030704  0.034723  0.041621  0.030607  0.10714  0.069347  -0.0038569  0.010766
2035.0  -0.10969  0.45961  -0.26333  0.6029  0.029431  0.51012  -0.14544  0.26222  -0.23768  0.38855  -0.0080596  0.20992  0.03341  0.22389  -0.077831  0.12118  -0.18564  0.19743  -0.020626  0.077872  -0.15628  0.17028  0.016044  0.037048  -0.10791  0.11412  -0.15352  0.27239  0.13326  0.20014  0.053282  0.029999  0.0031936  0.036011  0.042177  0.031901  0.10875  0.072381  -0.0038929  0.01117
2040.0  -0.10868  0.45898  -0.26351  0.60345  0.031252  0.5105  -0.14569  0.26217  -0.23791  0.39076  -0.0080962  0.21041  0.032031  0.22519  -0.076899  0.12254  -0.18611  0.19889  -0.020402  0.078713  -0.15522  0.16971  0.015553  0.03793  -0.10826  0.1142  -0.15417  0.2643  0.13055  0.20571  0.053607  0.031392  0.0033084  0.03734  0.042714  0.033243  0.11032  0.075527  -0.003931  0.011587
2045.0  -0.1077  0.4584  -0.26374  0.60392  0.032981  0.51087  -0.14592  0.26213  -0.2381  0.3929  -0.008128  0.21092  0.030629  0.22633  -0.076025  0.12395  -0.18659  0.20034  -0.020156  0.079579  -0.15418  0.16911  0.015042  0.038822  -0.10856  0.11428  -0.15449  0.25642  0.12754  0.21118  0.053893  0.032841  0.0034132  0.038713  0.04323  0.034633  0.11184  0.078788  -0.0039719  0.012019
2050.0  -0.10673  0.45787  -0.26401  0.60431  0.034623  0.51123  -0.14613  0.26209  -0.23823  0.39496  -0.0081596  0.21147  0.029221  0.2273  -0.075208  0.1254  -0.18708  0.20179  -0.019892  0.08047  -0.15315  0.16848  0.014511  0.039723  -0.10882  0.11437  -0.15448  0.24873  0.12422  0.21653  0.054136  0.034346  0.003506  0.040132  0.04372  0.036075  0.11331  0.082166  -0.0040161  0.012466
2055.0  -0.1058  0.45738  -0.26433  0.60461  0.036183  0.51157  -0.14634  0.26205  -0.2383  0.39694  -0.0081959  0.21204  0.027822  0.22811  -0.074451  0.12688  -0.18757  0.20321  -0.019612  0.081389  -0.15213  0.16781  0.013957  0.040633  -0.10903  0.11447  -0.15415  0.24127  0.1206  0.22173  0.054328  0.035908  0.0035844  0.041599  0.044179  0.037569  0.11471  0.085662  -0.0040645  0.012929
2060.0  -0.10489  0.45693  -0.26468  0.60483  0.037668  0.51186  -0.14653  0.26202  -0.2383  0.39886  -0.0082412  0.21263  0.026448  0.22876  -0.073753  0.1284  -0.18806  0.20462  -0.01932  0.082336  -0.1511  0.16709  0.01338  0.041552  -0.1092  0.11458  -0.15353  0.23403  0.11668  0.22676  0.054465  0.037526  0.003645  0.043118  0.044601  0.039115  0.11603  0.089276  -0.0041179  0.013409
2065.0  -0.10401  0.45652  -0.26505  0.60497  0.039086  0.51212  -0.14671  0.26198  -0.23824  0.40071  -0.0083  0.21324  0.025113  0.22925  -0.073114  0.12994  -0.18856  0.206  -0.019019  0.083312  -0.15007  0.16633  0.012779  0.04248  -0.10931  0.1147  -0.15262  0.22702  0.11248  0.23157  0.054538  0.0392  0.0036842  0.044689  0.044981  0.040714  0.11727  0.09301  -0.0041776  0.013907
2070.0  -0.10316  0.45614  -0.26545  0.60503  0.040447  0.51231  -0.14688  0.26194  -0.23809  0.40252  -0.0083762  0.21387  0.02383  0.2296  -0.072535  0.13151  -0.18904  0.20736  -0.018712  0.084317  -0.14902  0.16551  0.012151  0.043415  -0.10937  0.11484  -0.15146  0.22025  0.108  0.23616  0.054542  0.040927  0.0036977  0.046316  0.045312  0.042364  0.11841  0.096863  -0.0042451  0.014425
2075.0  -0.10234  0.4558  -0.26586  0.605  0.041761  0.51246  -0.14704  0.26189  -0.23787  0.40427  -0.0084735  0.21452  0.02261  0.2298  -0.072016  0.13311  -0.18951  0.2087  -0.018403  0.085353  -0.14794  0.16465  0.011494  0.044356  -0.10938  0.11498  -0.15005  0.21373  0.10327  0.24049  0.054468  0.042705  0.0036803  0.047999  0.045586  0.044062  0.11945  0.10083  -0.0043219  0.014962
2080.0  -0.10155  0.45548  -0.26627  0.60489  0.043038  0.51254  -0.14718  0.26184  -0.23755  0.40598  -0.0085951  0.21518  0.021463  0.22987  -0.071556  0.13472  -0.18997  0.21  -0.018093  0.086418  -0.14684  0.16373  0.010807  0.045302  -0.10933  0.11514  -0.14841  0.20746  0.098291  0.24454  0.054309  0.044528  0.0036263  0.049741  0.045799  0.045807  0.12037  0.10492  -0.00441  0.015521
2085.0  -0.1008  0.45519  -0.26669  0.60471  0.044292  0.51255  -0.14731  0.26177  -0.23715  0.40766  -0.0087437  0.21584  0.020398  0.22982  -0.071157  0.13635  -0.19041  0.21128  -0.017787  0.087513  -0.1457  0.16277  0.010088  0.046249  -0.10923  0.11532  -0.14657  0.20146  0.093092  0.24829  0.054057  0.04639  0.0035295  0.051541  0.045942  0.047592  0.12116  0.10912  -0.0045113  0.0161
2090.0  -0.10008  0.45491  -0.26712  0.60444  0.045532  0.5125  -0.14743  0.26169  -0.23666  0.40932  -0.0089215  0.21651  0.019419  0.22966  -0.070817  0.13799  -0.19082  0.21253  -0.017488  0.088636  -0.14452  0.16176  0.0093348  0.047196  -0.10907  0.11552  -0.14454  0.19571  0.087694  0.25172  0.053706  0.048284  0.0033831  0.0534  0.04601  0.049413  0.12181  0.11344  -0.0046283  0.016701
2095.0  -0.099404  0.45465  -0.26753  0.6041  0.046772  0.51238  -0.14752  0.2616  -0.23607  0.41097  -0.0091301  0.21718  0.018531  0.2294  -0.070537  0.13964  -0.1912  0.21375  -0.017198  0.089788  -0.14328  0.16071  0.0085465  0.048139  -0.10886  0.11575  -0.14234  0.19023  0.082121  0.25481  0.053249  0.050201  0.0031798  0.055316  0.045997  0.051263  0.1223  0.11786  -0.0047633  0.017323
2100.0  -0.098761  0.45441  -0.26795  0.60369  0.048022  0.51221  -0.14758  0.26149  -0.23539  0.41262  -0.0093702  0.21784  0.017735  0.22905  -0.070316  0.1413  -0.19154  0.21496  -0.01692  0.090967  -0.142  0.15962  0.007722  0.049074  -0.10859  0.11599  -0.14001  0.18501  0.076399  0.25754  0.052681  0.052132  0.002912  0.057287  0.045899  0.053133  0.12263  0.12238  -0.0049189  0.017967
2105.0  -0.098154  0.45416  -0.26835  0.6032  0.049293  0.51198  -0.14762  0.26137  -0.23463  0.41427  -0.0096423  0.21848  0.017031  0.22861  -0.070156  0.14297  -0.19184  0.21613  -0.016657  0.092171  -0.14065  0.1585  0.0068605  0.049998  -0.10826  0.11626  -0.13755  0.18005  0.070558  0.2599  0.051998  0.054063  0.0025721  0.05931  0.045711  0.055014  0.12277  0.12699  -0.0050977  0.018631
2110.0  -0.097583  0.45391  -0.26874  0.60264  0.050592  0.51171  -0.14763  0.26124  -0.23378  0.41593  -0.0099457  0.21911  0.016419  0.22811  -0.070055  0.14463  -0.1921  0.21729  -0.016413  0.093401  -0.13924  0.15735  0.0059618  0.050906  -0.10787  0.11656  -0.13498  0.17535  0.064625  0.26188  0.051197  0.055984  0.0021525  0.06138  0.045431  0.056897  0.12272  0.13169  -0.0053025  0.019316
2115.0  -0.097046  0.45366  -0.26912  0.60202  0.051929  0.5114  -0.14761  0.26111  -0.23285  0.41762  -0.010279  0.21971  0.015896  0.22754  -0.070014  0.1463  -0.1923  0.21844  -0.016189  0.094652  -0.13776  0.15618  0.0050263  0.051795  -0.10743  0.11688  -0.13234  0.1709  0.058633  0.26347  0.05028  0.05788  0.001646  0.06349  0.04506  0.058771  0.12246  0.13646  -0.0055358  0.020019
2120.0  -0.096542  0.4534  -0.26947  0.60131  0.053307  0.51106  -0.14755  0.26097  -0.23184  0.41934  -0.01064  0.22027  0.015461  0.22691  -0.070034  0.14796  -0.19246  0.21957  -0.015988  0.095925  -0.13621  0.15499  0.0040549  0.052658  -0.10693  0.11723  -0.12962  0.1667  0.052612  0.26467  0.049247  0.059739  0.0010458  0.065634  0.044597  0.060625  0.12197  0.1413  -0.0058002  0.020738
2125.0  -0.096067  0.45311  -0.26981  0.60054  0.054731  0.51072  -0.14745  0.26083  -0.23077  0.4211  -0.011026  0.22081  0.015111  0.22623  -0.070115  0.14962  -0.19255  0.22071  -0.015814  0.097216  -0.1346  0.1538  0.0030492  0.053493  -0.10637  0.11762  -0.12685  0.16274  0.046597  0.26549  0.048102  0.061547  0.00034647  0.067801  0.044046  0.062449  0.12125  0.14618  -0.0060979  0.021472
2130.0  -0.095619  0.45281  -0.27011  0.5997  0.0562  0.51037  -0.14732  0.2607  -0.22963  0.4229  -0.011432  0.22129  0.014845  0.22549  -0.070258  0.15127  -0.19259  0.22184  -0.015668  0.098523  -0.13291  0.1526  0.0020115  0.054294  -0.10576  0.11804  -0.12404  0.15901  0.040619  0.26591  0.046852  0.063291  -0.00045653  0.069984  0.043411  0.064233  0.12029  0.15109  -0.0064309  0.022218
2135.0  -0.095191  0.45247  -0.27039  0.59878  0.057712  0.51003  -0.14715  0.26057  -0.22844  0.42475  -0.011853  0.22173  0.014661  0.2247  -0.070464  0.1529  -0.19256  0.22299  -0.015553  0.099844  -0.13116  0.15142  0.00094454  0.055058  -0.10507  0.1185  -0.12122  0.1555  0.034713  0.26595  0.045505  0.064961  -0.0013661  0.072169  0.042698  0.065967  0.11906  0.15601  -0.0068011  0.022972
2140.0  -0.094779  0.4521  -0.27063  0.5978  0.059262  0.50971  -0.14695  0.26047  -0.2272  0.42664  -0.012282  0.22212  0.014559  0.22387  -0.070733  0.15452  -0.19248  0.22415  -0.015471  0.10117  -0.12934  0.15024  -0.00014814  0.05578  -0.10433  0.119  -0.11838  0.1522  0.028912  0.26561  0.044071  0.066546  -0.0023832  0.074345  0.041915  0.067642  0.11757  0.16091  -0.0072095  0.023733
2145.0  -0.094377  0.4517  -0.27082  0.59675  0.060844  0.50943  -0.14672  0.26037  -0.22592  0.42859  -0.012714  0.22245  0.01454  0.22299  -0.071065  0.15612  -0.19233  0.22533  -0.015423  0.10251  -0.12746  0.14909  -0.0012625  0.056457  -0.10353  0.11954  -0.11555  0.1491  0.023245  0.26493  0.042561  0.068039  -0.0035069  0.076501  0.04107  0.069252  0.11582  0.16579  -0.0076569  0.024495
2150.0  -0.093976  0.45125  -0.27096  0.59563  0.062447  0.5092  -0.14646  0.26031  -0.22461  0.43058  -0.01314  0.22272  0.014605  0.22207  -0.07146  0.15769  -0.19213  0.22654  -0.015411  0.10385  -0.12553  0.14797  -0.0023942  0.057087  -0.10266  0.12012  -0.11272  0.14618  0.017744  0.2639  0.040987  0.069434  -0.0047342  0.078623  0.040175  0.070792  0.11379  0.1706  -0.0081435  0.025256
2155.0  -0.093571  0.45077  -0.27105  0.59446  0.06406  0.50901  -0.14618  0.26026  -0.22328  0.43263  -0.013551  0.22293  0.014756  0.22112  -0.071917  0.15924  -0.19187  0.22779  -0.015436  0.10519  -0.12354  0.14688  -0.0035383  0.057668  -0.10172  0.12076  -0.10992  0.14344  0.012434  0.26255  0.039364  0.070727  -0.0060597  0.0807  0.039239  0.072257  0.11149  0.17534  -0.008669  0.026012
2160.0  -0.093152  0.45024  -0.27107  0.59324  0.065671  0.50888  -0.14589  0.26024  -0.22193  0.43472  -0.013938  0.22308  0.014994  0.22013  -0.072435  0.16074  -0.19156  0.22909  -0.015498  0.10652  -0.1215  0.14582  -0.0046898  0.058199  -0.10072  0.12145  -0.10713  0.14086  0.007341  0.26092  0.037703  0.071917  -0.0074762  0.082721  0.038274  0.073647  0.10892  0.17996  -0.0092323  0.02676
2165.0  -0.092711  0.44968  -0.27103  0.59197  0.067266  0.50881  -0.14558  0.26025  -0.22056  0.43686  -0.014292  0.22316  0.015322  0.21911  -0.07301  0.16221  -0.1912  0.23043  -0.015598  0.10784  -0.11943  0.14481  -0.0058436  0.058678  -0.099652  0.12221  -0.10438  0.13844  0.0024844  0.25902  0.036016  0.073005  -0.0089743  0.084676  0.037291  0.07496  0.10609  0.18445  -0.009832  0.027495
2170.0  -0.092242  0.44908  -0.27092  0.59066  0.068832  0.50879  -0.14526  0.26028  -0.21919  0.43903  -0.014605  0.22319  0.01574  0.21807  -0.073641  0.16363  -0.1908  0.23183  -0.015734  0.10914  -0.11732  0.14384  -0.0069945  0.059106  -0.09852  0.12303  -0.10166  0.13616  -0.0021192  0.25688  0.034316  0.073995  -0.010543  0.086559  0.0363  0.076199  0.10302  0.18878  -0.010466  0.028216
2175.0  -0.091736  0.44845  -0.27074  0.58933  0.070356  0.50883  -0.14495  0.26034  -0.2178  0.44125  -0.014866  0.22317  0.016249  0.21702  -0.074321  0.165  -0.19036  0.23329  -0.015906  0.11043  -0.11519  0.14292  -0.0081375  0.059485  -0.097325  0.12393  -0.098983  0.134  -0.0064579  0.25455  0.032613  0.07489  -0.012171  0.088362  0.035311  0.077368  0.099712  0.19292  -0.011131  0.02892
2180.0  -0.091186  0.4478  -0.27048  0.58797  0.071825  0.50892  -0.14463  0.26043  -0.21642  0.44349  -0.015068  0.22309  0.016848  0.21596  -0.075047  0.16631  -0.18989  0.23481  -0.016111  0.11169  -0.11304  0.14204  -0.0092678  0.059816  -0.096067  0.1249  -0.09634  0.13197  -0.010524  0.25205  0.030915  0.075698  -0.013845  0.090084  0.034333  0.07847  0.096195  0.19687  -0.011826  0.029603
2185.0  -0.090588  0.44713  -0.27016  0.58661  0.073228  0.50905  -0.14432  0.26053  -0.21503  0.44576  -0.015203  0.22297  0.017537  0.2149  -0.075811  0.16757  -0.1894  0.23641  -0.016346  0.11292  -0.11087  0.14121  -0.010381  0.060101  -0.094751  0.12596  -0.093735  0.13005  -0.014314  0.24941  0.02923  0.076425  -0.015552  0.091722  0.033375  0.079513  0.092486  0.20059  -0.012546  0.030266
2190.0  -0.089935  0.44644  -0.26977  0.58524  0.074555  0.50921  -0.14402  0.26065  -0.21363  0.44806  -0.015265  0.22282  0.018312  0.21385  -0.076608  0.16876  -0.1889  0.23807  -0.016609  0.11412  -0.1087  0.14043  -0.011473  0.060344  -0.09338  0.12712  -0.091169  0.12822  -0.01783  0.24666  0.027564  0.077079  -0.017279  0.093277  0.032444  0.080504  0.08861  0.20408  -0.013288  0.030905
2195.0  -0.089225  0.44576  -0.26932  0.58388  0.075799  0.5094  -0.14372  0.26078  -0.21223  0.45038  -0.015246  0.22263  0.019168  0.21282  -0.07743  0.1699  -0.18839  0.2398  -0.016895  0.11528  -0.10654  0.13969  -0.01254  0.060548  -0.091959  0.12837  -0.08864  0.12649  -0.021076  0.24384  0.025921  0.07767  -0.019015  0.094754  0.031544  0.08145  0.084592  0.20733  -0.014049  0.031522
2200.0  -0.088456  0.44509  -0.26882  0.58252  0.076953  0.50959  -0.14344  0.26092  -0.21081  0.45271  -0.015144  0.22243  0.020102  0.21181  -0.078271  0.17098  -0.18789  0.2416  -0.017198  0.11639  -0.10438  0.13898  -0.01358  0.060717  -0.090494  0.12973  -0.086147  0.12485  -0.02406  0.24096  0.024302  0.078204  -0.020748  0.096157  0.03068  0.08236  0.080457  0.21033  -0.014826  0.032116
