#Partial waves for K Lambda -> eta N 
#columns: W S11  S31  P11  P13  P31  P33  D13  D15  D33  D35  F15  F17  F35  F37  G17  G19  G37  G39  H19  H39
1615.0  -0.073966  0.044392  0.0  0.0  -0.0048791  0.0030966  -0.0016664  -2.247e-05  0.0  0.0  0.0  0.0  -0.00075919  0.00015422  -0.00038161  4.5528e-06  0.0  0.0  0.0  0.0  -3.8775e-05  2.5024e-07  -1.9658e-05  1.3286e-08  0.0  0.0  0.0  0.0  -2.234e-06  4.9968e-11  -1.1535e-06  8.333e-12  0.0  0.0  0.0  0.0  -1.2195e-07  -2.392e-13  0.0  0.0
1620.0  -0.088081  0.050593  0.0  0.0  -0.0085017  0.0055438  -0.002831  -2.9466e-05  0.0  0.0  0.0  0.0  -0.0019723  0.00039623  -0.0009857  1.5929e-05  0.0  0.0  0.0  0.0  -0.00014854  1.142e-06  -7.487e-05  5.682e-08  0.0  0.0  0.0  0.0  -1.2652e-05  3.0998e-10  -6.504e-06  6.3212e-11  0.0  0.0  0.0  0.0  -1.0201e-06  -2.3813e-12  0.0  0.0
1625.0  -0.096  0.052781  0.0  0.0  -0.011454  0.0076625  -0.0037288  -2.3424e-05  0.0  0.0  0.0  0.0  -0.0033428  0.00066487  -0.0016622  3.5003e-05  0.0  0.0  0.0  0.0  -0.00031301  2.8564e-06  -0.00015686  1.3346e-07  0.0  0.0  0.0  0.0  -3.3217e-05  8.9013e-10  -1.7004e-05  2.1991e-10  0.0  0.0  0.0  0.0  -3.334e-06  -9.2056e-12  0.0  0.0
1630.0  -0.10074  0.053133  0.0  0.0  -0.013977  0.0095878  -0.0044602  -3.823e-06  0.0  0.0  0.0  0.0  -0.0048109  0.00094831  -0.002382  6.3346e-05  0.0  0.0  0.0  0.0  -0.00052472  5.655e-06  -0.00026145  2.4894e-07  0.0  0.0  0.0  0.0  -6.4967e-05  1.9011e-09  -3.3122e-05  5.6354e-10  0.0  0.0  0.0  0.0  -7.6028e-06  -2.4682e-11  0.0  0.0
1635.0  -0.10324  0.052529  0.0  0.0  -0.01617  0.011375  -0.0050726  3.1083e-05  0.0  0.0  0.0  0.0  -0.0063449  0.0012407  -0.0031311  0.00010233  0.0  0.0  0.0  0.0  -0.00077862  9.8428e-06  -0.00038571  4.1022e-07  0.0  0.0  0.0  0.0  -0.00010858  3.4633e-09  -5.514e-05  1.2201e-09  0.0  0.0  0.0  0.0  -1.4305e-05  -5.4309e-11  0.0  0.0
1640.0  -0.104  0.051497  0.0  0.0  -0.018086  0.013057  -0.0055952  8.3655e-05  0.0  0.0  0.0  0.0  -0.0079242  0.0015386  -0.0039016  0.00015291  0.0  0.0  0.0  0.0  -0.0010708  1.5739e-05  -0.00052732  6.2528e-07  0.0  0.0  0.0  0.0  -0.00016451  5.7076e-09  -8.3221e-05  2.3683e-09  0.0  0.0  0.0  0.0  -2.3869e-05  -1.0546e-10  0.0  0.0
1645.0  -0.10333  0.050415  0.0  0.0  -0.019758  0.014658  -0.0060493  0.00015661  0.0  0.0  0.0  0.0  -0.0095342  0.0018398  -0.0046893  0.00021534  0.0  0.0  0.0  0.0  -0.0013983  2.3627e-05  -0.00068435  9.0301e-07  0.0  0.0  0.0  0.0  -0.00023303  8.7742e-09  -0.00011745  4.2525e-09  0.0  0.0  0.0  0.0  -3.6684e-05  -1.878e-10  0.0  0.0
1650.0  -0.10148  0.04957  0.0  0.0  -0.021207  0.016197  -0.0064519  0.00025285  0.0  0.0  0.0  0.0  -0.011164  0.002143  -0.0054916  0.00028913  0.0  0.0  0.0  0.0  -0.0017586  3.3691e-05  -0.00085513  1.2533e-06  0.0  0.0  0.0  0.0  -0.00031433  1.281e-08  -0.00015785  7.1974e-09  0.0  0.0  0.0  0.0  -5.3097e-05  -3.1374e-10  0.0  0.0
1655.0  -0.098715  0.049176  0.0  0.0  -0.022449  0.017689  -0.0068179  0.00037517  0.0  0.0  0.0  0.0  -0.012805  0.0024473  -0.0063071  0.0003729  0.0  0.0  0.0  0.0  -0.0021496  4.5938e-05  -0.0010382  1.6868e-06  0.0  0.0  0.0  0.0  -0.00040845  1.7968e-08  -0.0002044  1.1624e-08  0.0  0.0  0.0  0.0  -7.3421e-05  -4.9902e-10  0.0  0.0
1660.0  -0.095264  0.049376  0.0  0.0  -0.023495  0.019148  -0.007161  0.00052597  0.0  0.0  0.0  0.0  -0.01445  0.002752  -0.0071349  0.00046455  0.0  0.0  0.0  0.0  -0.0025696  6.0132e-05  -0.0012322  2.2156e-06  0.0  0.0  0.0  0.0  -0.00051541  2.44e-08  -0.00025704  1.8066e-08  0.0  0.0  0.0  0.0  -9.7936e-05  -7.6336e-10  0.0  0.0
1665.0  -0.091342  0.050242  0.0  0.0  -0.024347  0.020589  -0.0074948  0.00070672  0.0  0.0  0.0  0.0  -0.016095  0.0030571  -0.0079739  0.00056144  0.0  0.0  0.0  0.0  -0.003017  7.578e-05  -0.0014359  2.8523e-06  0.0  0.0  0.0  0.0  -0.00063511  3.2258e-08  -0.00031568  2.7188e-08  0.0  0.0  0.0  0.0  -0.00012689  -1.1312e-09  0.0  0.0
1670.0  -0.087119  0.051755  0.0  0.0  -0.025006  0.02203  -0.0078329  0.00091738  0.0  0.0  0.0  0.0  -0.017733  0.0033623  -0.0088225  0.00066073  0.0  0.0  0.0  0.0  -0.00349  9.2181e-05  -0.0016483  3.6111e-06  0.0  0.0  0.0  0.0  -0.00076743  4.1686e-08  -0.00038021  3.9806e-08  0.0  0.0  0.0  0.0  -0.00016051  -1.6326e-09  0.0  0.0
1675.0  -0.082601  0.053735  0.0  0.0  -0.025469  0.023493  -0.0081889  0.0011557  0.0  0.0  0.0  0.0  -0.019363  0.003668  -0.009679  0.00075964  0.0  0.0  0.0  0.0  -0.0039869  0.00010854  -0.0018684  4.5067e-06  0.0  0.0  0.0  0.0  -0.00091221  5.282e-08  -0.00045049  5.6902e-08  0.0  0.0  0.0  0.0  -0.00019897  -2.3043e-09  0.0  0.0
1680.0  -0.076998  0.055819  0.0  0.0  -0.02573  0.024997  -0.0085757  0.0014165  0.0  0.0  0.0  0.0  -0.020981  0.0039742  -0.010541  0.00085577  0.0  0.0  0.0  0.0  -0.0045057  0.0001241  -0.0020953  5.5551e-06  0.0  0.0  0.0  0.0  -0.0010692  6.5785e-08  -0.00052639  7.9649e-08  0.0  0.0  0.0  0.0  -0.00024245  -3.1906e-09  0.0  0.0
1685.0  -0.066785  0.060254  0.0  0.0  -0.025726  0.026542  -0.0090058  0.0016923  0.0  0.0  0.0  0.0  -0.022586  0.0042813  -0.011406  0.00094719  0.0  0.0  0.0  0.0  -0.0050445  0.00013827  -0.0023282  6.7733e-06  0.0  0.0  0.0  0.0  -0.0012383  8.0691e-08  -0.00060773  1.0943e-07  0.0  0.0  0.0  0.0  -0.0002911  -4.345e-09  0.0  0.0
1690.0  -0.062457  0.083077  0.0  0.0  -0.025287  0.028408  -0.0094909  0.0019677  0.0  0.0  0.0  0.0  -0.024175  0.0045895  -0.012271  0.0010326  0.0  0.0  0.0  0.0  -0.005601  0.00015069  -0.0025663  8.1791e-06  0.0  0.0  0.0  0.0  -0.001419  9.7637e-08  -0.00069435  1.4783e-07  0.0  0.0  0.0  0.0  -0.00034502  -5.831e-09  0.0  0.0
1695.0  -0.074  0.09054  0.0  0.0  -0.024912  0.030895  -0.010028  0.0022252  0.0  0.0  0.0  0.0  -0.025747  0.004899  -0.013134  0.0011111  0.0  0.0  0.0  0.0  -0.0061734  0.00016121  -0.0028089  9.7914e-06  0.0  0.0  0.0  0.0  -0.0016113  1.167e-07  -0.00078609  1.9672e-07  0.0  0.0  0.0  0.0  -0.00040433  -7.7239e-09  0.0  0.0
1700.0  -0.08045  0.09223  0.0  0.0  -0.024809  0.033654  -0.010615  0.0024562  0.0  0.0  0.0  0.0  -0.027302  0.00521  -0.013993  0.0011825  0.0  0.0  0.0  0.0  -0.0067598  0.00016987  -0.0030554  1.163e-05  0.0  0.0  0.0  0.0  -0.0018147  1.3797e-07  -0.00088275  2.5821e-07  0.0  0.0  0.0  0.0  -0.0004691  -1.0112e-08  0.0  0.0
1705.0  -0.084529  0.093227  0.0  0.0  -0.02494  0.036594  -0.011249  0.0026485  0.0  0.0  0.0  0.0  -0.028841  0.0055225  -0.014845  0.0012468  0.0  0.0  0.0  0.0  -0.0073587  0.00017683  -0.0033052  1.3715e-05  0.0  0.0  0.0  0.0  -0.0020291  1.6151e-07  -0.00098415  3.3468e-07  0.0  0.0  0.0  0.0  -0.0005394  -1.3099e-08  0.0  0.0
1710.0  -0.087587  0.093987  0.0  0.0  -0.025334  0.039659  -0.011921  0.0027913  0.0  0.0  0.0  0.0  -0.030362  0.0058361  -0.015689  0.0013041  0.0  0.0  0.0  0.0  -0.0079684  0.00018228  -0.0035578  1.6069e-05  0.0  0.0  0.0  0.0  -0.002254  1.8743e-07  -0.0010901  4.2883e-07  0.0  0.0  0.0  0.0  -0.00061528  -1.6803e-08  0.0  0.0
1715.0  -0.090062  0.094603  0.0  0.0  -0.026011  0.04278  -0.012618  0.0028782  0.0  0.0  0.0  0.0  -0.031866  0.0061506  -0.016525  0.001355  0.0  0.0  0.0  0.0  -0.0085879  0.00018648  -0.0038126  1.8715e-05  0.0  0.0  0.0  0.0  -0.0024891  2.1586e-07  -0.0012005  5.4369e-07  0.0  0.0  0.0  0.0  -0.00069677  -2.1362e-08  0.0  0.0
1720.0  -0.092169  0.095129  0.0  0.0  -0.026967  0.04589  -0.013327  0.0029072  0.0  0.0  0.0  0.0  -0.033354  0.0064652  -0.01735  0.0013999  0.0  0.0  0.0  0.0  -0.009216  0.00018963  -0.0040693  2.1676e-05  0.0  0.0  0.0  0.0  -0.0027342  2.4698e-07  -0.001315  6.8263e-07  0.0  0.0  0.0  0.0  -0.00078389  -2.693e-08  0.0  0.0
1725.0  -0.09404  0.095595  0.0  0.0  -0.028188  0.048931  -0.014036  0.0028805  0.0  0.0  0.0  0.0  -0.034825  0.0067791  -0.018164  0.0014393  0.0  0.0  0.0  0.0  -0.0098517  0.00019194  -0.0043273  2.4976e-05  0.0  0.0  0.0  0.0  -0.0029889  2.8104e-07  -0.0014335  8.4939e-07  0.0  0.0  0.0  0.0  -0.00087665  -3.3682e-08  0.0  0.0
1730.0  -0.095764  0.096004  0.0  0.0  -0.029649  0.051859  -0.014734  0.0028035  0.0  0.0  0.0  0.0  -0.036281  0.0070913  -0.018966  0.0014738  0.0  0.0  0.0  0.0  -0.010494  0.00019357  -0.0045863  2.8641e-05  0.0  0.0  0.0  0.0  -0.0032529  3.1839e-07  -0.0015558  1.0481e-06  0.0  0.0  0.0  0.0  -0.00097504  -4.1814e-08  0.0  0.0
1735.0  -0.097398  0.096354  0.0  0.0  -0.031322  0.054638  -0.015414  0.0026837  0.0  0.0  0.0  0.0  -0.037721  0.0074007  -0.019757  0.0015037  0.0  0.0  0.0  0.0  -0.011142  0.00019467  -0.004846  3.2698e-05  0.0  0.0  0.0  0.0  -0.0035258  3.5948e-07  -0.0016818  1.2835e-06  0.0  0.0  0.0  0.0  -0.0010791  -5.1544e-08  0.0  0.0
1740.0  -0.098975  0.096637  0.0  0.0  -0.033175  0.057242  -0.01607  0.0025294  0.0  0.0  0.0  0.0  -0.039145  0.0077059  -0.020535  0.0015296  0.0  0.0  0.0  0.0  -0.011796  0.00019534  -0.005106  3.7176e-05  0.0  0.0  0.0  0.0  -0.0038074  4.049e-07  -0.0018112  1.5605e-06  0.0  0.0  0.0  0.0  -0.0011887  -6.3113e-08  0.0  0.0
1745.0  -0.10052  0.096845  0.0  0.0  -0.03518  0.059654  -0.0167  0.0023488  0.0  0.0  0.0  0.0  -0.040554  0.0080058  -0.021301  0.0015519  0.0  0.0  0.0  0.0  -0.012454  0.00019569  -0.005366  4.2104e-05  0.0  0.0  0.0  0.0  -0.0040973  4.5537e-07  -0.0019438  1.8848e-06  0.0  0.0  0.0  0.0  -0.0013038  -7.6784e-08  0.0  0.0
1750.0  -0.10203  0.096972  0.0  0.0  -0.037306  0.061861  -0.017303  0.0021494  0.0  0.0  0.0  0.0  -0.041947  0.0082991  -0.022054  0.0015708  0.0  0.0  0.0  0.0  -0.013116  0.00019577  -0.0056258  4.7514e-05  0.0  0.0  0.0  0.0  -0.0043953  5.1177e-07  -0.0020796  2.2627e-06  0.0  0.0  0.0  0.0  -0.0014245  -9.2845e-08  0.0  0.0
1755.0  -0.10353  0.097014  0.0  0.0  -0.039527  0.063854  -0.017879  0.0019378  0.0  0.0  0.0  0.0  -0.043323  0.0085848  -0.022795  0.0015868  0.0  0.0  0.0  0.0  -0.013781  0.00019564  -0.005885  5.3439e-05  0.0  0.0  0.0  0.0  -0.0047009  5.7515e-07  -0.0022183  2.7011e-06  0.0  0.0  0.0  0.0  -0.0015507  -1.1161e-07  0.0  0.0
1760.0  -0.10501  0.09697  0.0  0.0  -0.041816  0.065631  -0.018431  0.0017194  0.0  0.0  0.0  0.0  -0.044682  0.008862  -0.023524  0.0016001  0.0  0.0  0.0  0.0  -0.014449  0.00019534  -0.0061434  5.9917e-05  0.0  0.0  0.0  0.0  -0.005014  6.4672e-07  -0.0023597  3.2077e-06  0.0  0.0  0.0  0.0  -0.0016822  -1.3342e-07  0.0  0.0
1765.0  -0.10646  0.09684  0.0  0.0  -0.044149  0.06719  -0.01896  0.0014987  0.0  0.0  0.0  0.0  -0.046024  0.00913  -0.02424  0.0016109  0.0  0.0  0.0  0.0  -0.015119  0.00019491  -0.0064008  6.6986e-05  0.0  0.0  0.0  0.0  -0.0053341  7.2787e-07  -0.0025036  3.7912e-06  0.0  0.0  0.0  0.0  -0.0018192  -1.5865e-07  0.0  0.0
1770.0  -0.1079  0.096625  0.0  0.0  -0.0465  0.068532  -0.019469  0.0012791  0.0  0.0  0.0  0.0  -0.047347  0.0093882  -0.024945  0.0016196  0.0  0.0  0.0  0.0  -0.015791  0.00019436  -0.006657  7.469e-05  0.0  0.0  0.0  0.0  -0.0056611  8.202e-07  -0.00265  4.4611e-06  0.0  0.0  0.0  0.0  -0.0019614  -1.8768e-07  0.0  0.0
1775.0  -0.10931  0.096328  0.0  0.0  -0.048849  0.069663  -0.01996  0.0010633  0.0  0.0  0.0  0.0  -0.048651  0.0096365  -0.025637  0.0016262  0.0  0.0  0.0  0.0  -0.016464  0.00019372  -0.0069119  8.3075e-05  0.0  0.0  0.0  0.0  -0.0059946  9.2543e-07  -0.0027986  5.228e-06  0.0  0.0  0.0  0.0  -0.0021089  -2.2095e-07  0.0  0.0
1780.0  -0.11069  0.095954  0.0  0.0  -0.051172  0.070589  -0.020435  0.00085331  0.0  0.0  0.0  0.0  -0.049936  0.0098748  -0.026318  0.001631  0.0  0.0  0.0  0.0  -0.017138  0.00019298  -0.0071651  9.2192e-05  0.0  0.0  0.0  0.0  -0.0063344  1.0455e-06  -0.0029493  6.1038e-06  0.0  0.0  0.0  0.0  -0.0022615  -2.5891e-07  0.0  0.0
1785.0  -0.11204  0.095505  0.0  0.0  -0.053451  0.071321  -0.020897  0.00065054  0.0  0.0  0.0  0.0  -0.051199  0.010103  -0.026987  0.001634  0.0  0.0  0.0  0.0  -0.017813  0.00019217  -0.0074166  0.00010209  0.0  0.0  0.0  0.0  -0.0066802  1.1825e-06  -0.0031019  7.1019e-06  0.0  0.0  0.0  0.0  -0.0024192  -3.0204e-07  0.0  0.0
1790.0  -0.11336  0.094987  0.0  0.0  -0.055668  0.071872  -0.021347  0.00045605  0.0  0.0  0.0  0.0  -0.052443  0.010322  -0.027645  0.0016355  0.0  0.0  0.0  0.0  -0.018487  0.00019127  -0.0076663  0.00011284  0.0  0.0  0.0  0.0  -0.0070317  1.3387e-06  -0.0032562  8.2368e-06  0.0  0.0  0.0  0.0  -0.0025818  -3.5088e-07  0.0  0.0
1795.0  -0.11465  0.094406  0.0  0.0  -0.057808  0.072255  -0.021787  0.00027054  0.0  0.0  0.0  0.0  -0.053665  0.010532  -0.028292  0.0016355  0.0  0.0  0.0  0.0  -0.019162  0.00019029  -0.0079139  0.0001245  0.0  0.0  0.0  0.0  -0.0073886  1.5164e-06  -0.0034122  9.525e-06  0.0  0.0  0.0  0.0  -0.0027494  -4.0597e-07  0.0  0.0
1800.0  -0.11589  0.093766  0.0  0.0  -0.059861  0.072488  -0.022219  9.447e-05  0.0  0.0  0.0  0.0  -0.054866  0.010732  -0.028929  0.0016341  0.0  0.0  0.0  0.0  -0.019836  0.00018922  -0.0081595  0.00013713  0.0  0.0  0.0  0.0  -0.0077508  1.7183e-06  -0.0035697  1.0984e-05  0.0  0.0  0.0  0.0  -0.0029218  -4.6791e-07  0.0  0.0
1805.0  -0.1171  0.093074  0.0  0.0  -0.061816  0.072587  -0.022644  -7.1911e-05  0.0  0.0  0.0  0.0  -0.056046  0.010925  -0.029554  0.0016314  0.0  0.0  0.0  0.0  -0.020509  0.00018806  -0.0084028  0.00015081  0.0  0.0  0.0  0.0  -0.0081179  1.9471e-06  -0.0037284  1.2636e-05  0.0  0.0  0.0  0.0  -0.003099  -5.3732e-07  0.0  0.0
1810.0  -0.11826  0.092336  0.0  0.0  -0.063669  0.072568  -0.023063  -0.00022848  0.0  0.0  0.0  0.0  -0.057205  0.01111  -0.03017  0.0016274  0.0  0.0  0.0  0.0  -0.021181  0.00018681  -0.0086438  0.00016562  0.0  0.0  0.0  0.0  -0.0084898  2.2056e-06  -0.0038884  1.45e-05  0.0  0.0  0.0  0.0  -0.0032807  -6.1487e-07  0.0  0.0
1815.0  -0.11938  0.091558  0.0  0.0  -0.065418  0.072449  -0.023478  -0.0003752  0.0  0.0  0.0  0.0  -0.058344  0.011287  -0.030775  0.0016222  0.0  0.0  0.0  0.0  -0.021851  0.00018545  -0.0088823  0.00018165  0.0  0.0  0.0  0.0  -0.0088662  2.4969e-06  -0.0040494  1.6603e-05  0.0  0.0  0.0  0.0  -0.0034671  -7.0126e-07  0.0  0.0
1820.0  -0.12045  0.090746  0.0  0.0  -0.067062  0.072245  -0.023889  -0.00051211  0.0  0.0  0.0  0.0  -0.059462  0.011458  -0.03137  0.0016158  0.0  0.0  0.0  0.0  -0.02252  0.00018398  -0.0091185  0.00019897  0.0  0.0  0.0  0.0  -0.0092469  2.8243e-06  -0.0042113  1.8969e-05  0.0  0.0  0.0  0.0  -0.0036579  -7.9722e-07  0.0  0.0
1825.0  -0.12149  0.089904  0.0  0.0  -0.068603  0.071969  -0.024297  -0.00063928  0.0  0.0  0.0  0.0  -0.060562  0.011621  -0.031956  0.0016083  0.0  0.0  0.0  0.0  -0.023187  0.0001824  -0.0093521  0.00021767  0.0  0.0  0.0  0.0  -0.0096317  3.1911e-06  -0.004374  2.163e-05  0.0  0.0  0.0  0.0  -0.003853  -9.0352e-07  0.0  0.0
1830.0  -0.12248  0.089039  0.0  0.0  -0.070045  0.071634  -0.024702  -0.00075683  0.0  0.0  0.0  0.0  -0.061643  0.011778  -0.032533  0.0015996  0.0  0.0  0.0  0.0  -0.023852  0.00018069  -0.0095832  0.00023786  0.0  0.0  0.0  0.0  -0.01002  3.6009e-06  -0.0045374  2.4615e-05  0.0  0.0  0.0  0.0  -0.0040525  -1.021e-06  0.0  0.0
1835.0  -0.12344  0.088156  0.0  0.0  -0.071394  0.07125  -0.025106  -0.00086487  0.0  0.0  0.0  0.0  -0.062706  0.011927  -0.033101  0.0015898  0.0  0.0  0.0  0.0  -0.024514  0.00017886  -0.0098117  0.00025961  0.0  0.0  0.0  0.0  -0.010413  4.0576e-06  -0.0047013  2.7959e-05  0.0  0.0  0.0  0.0  -0.0042561  -1.1504e-06  0.0  0.0
1840.0  -0.12435  0.087258  0.0  0.0  -0.072653  0.070827  -0.025508  -0.00096354  0.0  0.0  0.0  0.0  -0.063752  0.01207  -0.033659  0.0015789  0.0  0.0  0.0  0.0  -0.025174  0.00017691  -0.010038  0.00028304  0.0  0.0  0.0  0.0  -0.010808  4.5653e-06  -0.0048656  3.1699e-05  0.0  0.0  0.0  0.0  -0.0044638  -1.2927e-06  0.0  0.0
1845.0  -0.12523  0.08635  0.0  0.0  -0.07383  0.070371  -0.02591  -0.001053  0.0  0.0  0.0  0.0  -0.06478  0.012206  -0.034209  0.0015669  0.0  0.0  0.0  0.0  -0.025832  0.00017483  -0.010261  0.00030824  0.0  0.0  0.0  0.0  -0.011207  5.1284e-06  -0.0050302  3.5875e-05  0.0  0.0  0.0  0.0  -0.0046755  -1.4487e-06  0.0  0.0
1850.0  -0.12608  0.085436  0.0  0.0  -0.074929  0.069888  -0.026311  -0.0011335  0.0  0.0  0.0  0.0  -0.065792  0.012333  -0.034751  0.0015538  0.0  0.0  0.0  0.0  -0.026486  0.00017263  -0.010482  0.00033529  0.0  0.0  0.0  0.0  -0.01161  5.7513e-06  -0.005195  4.0527e-05  0.0  0.0  0.0  0.0  -0.0048911  -1.6193e-06  0.0  0.0
1855.0  -0.12689  0.084517  0.0  0.0  -0.075957  0.069382  -0.026712  -0.0012053  0.0  0.0  0.0  0.0  -0.066788  0.012453  -0.035284  0.0015397  0.0  0.0  0.0  0.0  -0.027137  0.00017031  -0.0107  0.0003643  0.0  0.0  0.0  0.0  -0.012015  6.4391e-06  -0.0053599  4.5701e-05  0.0  0.0  0.0  0.0  -0.0051104  -1.8056e-06  0.0  0.0
1860.0  -0.12768  0.083597  0.0  0.0  -0.076919  0.068856  -0.027115  -0.0012685  0.0  0.0  0.0  0.0  -0.067767  0.012564  -0.03581  0.0015246  0.0  0.0  0.0  0.0  -0.027785  0.00016788  -0.010916  0.00039535  0.0  0.0  0.0  0.0  -0.012423  7.1967e-06  -0.0055248  5.1445e-05  0.0  0.0  0.0  0.0  -0.0053335  -2.0083e-06  0.0  0.0
1865.0  -0.12844  0.082677  0.0  0.0  -0.077818  0.068314  -0.027518  -0.0013236  0.0  0.0  0.0  0.0  -0.068731  0.012666  -0.036328  0.0015084  0.0  0.0  0.0  0.0  -0.02843  0.00016534  -0.01113  0.00042853  0.0  0.0  0.0  0.0  -0.012833  8.0297e-06  -0.0056896  5.7808e-05  0.0  0.0  0.0  0.0  -0.0055602  -2.2286e-06  0.0  0.0
1870.0  -0.12917  0.081758  0.0  0.0  -0.07866  0.067756  -0.027923  -0.001371  0.0  0.0  0.0  0.0  -0.069678  0.01276  -0.036838  0.0014912  0.0  0.0  0.0  0.0  -0.029071  0.0001627  -0.011341  0.00046392  0.0  0.0  0.0  0.0  -0.013246  8.9433e-06  -0.0058541  6.4842e-05  0.0  0.0  0.0  0.0  -0.0057904  -2.4674e-06  0.0  0.0
1875.0  -0.12988  0.080843  0.0  0.0  -0.079448  0.067185  -0.02833  -0.001411  0.0  0.0  0.0  0.0  -0.070609  0.012844  -0.037341  0.0014729  0.0  0.0  0.0  0.0  -0.029709  0.00015997  -0.01155  0.00050159  0.0  0.0  0.0  0.0  -0.013662  9.9434e-06  -0.0060184  7.2604e-05  0.0  0.0  0.0  0.0  -0.006024  -2.7257e-06  0.0  0.0
1880.0  -0.13057  0.079932  0.0  0.0  -0.080184  0.0666  -0.028739  -0.0014442  0.0  0.0  0.0  0.0  -0.071523  0.012918  -0.037838  0.0014536  0.0  0.0  0.0  0.0  -0.030343  0.00015716  -0.011756  0.0005416  0.0  0.0  0.0  0.0  -0.014079  1.1035e-05  -0.0061823  8.1151e-05  0.0  0.0  0.0  0.0  -0.006261  -3.0045e-06  0.0  0.0
1885.0  -0.13124  0.079025  0.0  0.0  -0.080871  0.066002  -0.02915  -0.001471  0.0  0.0  0.0  0.0  -0.07242  0.012983  -0.038327  0.0014332  0.0  0.0  0.0  0.0  -0.030973  0.00015428  -0.011961  0.00058403  0.0  0.0  0.0  0.0  -0.014499  1.2225e-05  -0.0063457  9.0544e-05  0.0  0.0  0.0  0.0  -0.0065012  -3.3049e-06  0.0  0.0
1890.0  -0.13189  0.078122  0.0  0.0  -0.08151  0.065393  -0.029564  -0.0014921  0.0  0.0  0.0  0.0  -0.0733  0.013038  -0.03881  0.0014117  0.0  0.0  0.0  0.0  -0.031599  0.00015133  -0.012164  0.00062893  0.0  0.0  0.0  0.0  -0.014921  1.3517e-05  -0.0065086  0.00010085  0.0  0.0  0.0  0.0  -0.0067445  -3.6279e-06  0.0  0.0
1895.0  -0.13253  0.077225  0.0  0.0  -0.082103  0.064773  -0.02998  -0.0015078  0.0  0.0  0.0  0.0  -0.074162  0.013084  -0.039286  0.001389  0.0  0.0  0.0  0.0  -0.032222  0.00014833  -0.012364  0.00067634  0.0  0.0  0.0  0.0  -0.015344  1.4916e-05  -0.0066709  0.00011212  0.0  0.0  0.0  0.0  -0.0069909  -3.9747e-06  0.0  0.0
1900.0  -0.13315  0.076333  0.0  0.0  -0.082651  0.064142  -0.030399  -0.0015189  0.0  0.0  0.0  0.0  -0.075007  0.013121  -0.039756  0.0013652  0.0  0.0  0.0  0.0  -0.03284  0.00014527  -0.012563  0.00072631  0.0  0.0  0.0  0.0  -0.015769  1.6427e-05  -0.0068325  0.00012444  0.0  0.0  0.0  0.0  -0.0072403  -4.3463e-06  0.0  0.0
1905.0  -0.13375  0.075446  0.0  0.0  -0.083155  0.063503  -0.030821  -0.0015259  0.0  0.0  0.0  0.0  -0.075833  0.01315  -0.040221  0.0013401  0.0  0.0  0.0  0.0  -0.033455  0.00014217  -0.012761  0.00077888  0.0  0.0  0.0  0.0  -0.016196  1.8052e-05  -0.0069935  0.00013788  0.0  0.0  0.0  0.0  -0.0074925  -4.7439e-06  0.0  0.0
1910.0  -0.13435  0.074565  0.0  0.0  -0.083615  0.062855  -0.031245  -0.0015293  0.0  0.0  0.0  0.0  -0.07664  0.01317  -0.04068  0.0013136  0.0  0.0  0.0  0.0  -0.034065  0.00013902  -0.012957  0.00083406  0.0  0.0  0.0  0.0  -0.016624  1.9794e-05  -0.0071536  0.00015251  0.0  0.0  0.0  0.0  -0.0077475  -5.1687e-06  0.0  0.0
1915.0  -0.13493  0.073688  0.0  0.0  -0.084032  0.062202  -0.031671  -0.0015297  0.0  0.0  0.0  0.0  -0.077428  0.013183  -0.041133  0.0012858  0.0  0.0  0.0  0.0  -0.034671  0.00013583  -0.013151  0.00089188  0.0  0.0  0.0  0.0  -0.017053  2.1651e-05  -0.0073128  0.0001684  0.0  0.0  0.0  0.0  -0.0080053  -5.6219e-06  0.0  0.0
1920.0  -0.13549  0.072818  0.0  0.0  -0.084406  0.061544  -0.0321  -0.0015274  0.0  0.0  0.0  0.0  -0.078198  0.013189  -0.041581  0.0012565  0.0  0.0  0.0  0.0  -0.035273  0.0001326  -0.013344  0.00095237  0.0  0.0  0.0  0.0  -0.017484  2.3622e-05  -0.0074712  0.00018564  0.0  0.0  0.0  0.0  -0.0082656  -6.1047e-06  0.0  0.0
1925.0  -0.13604  0.071953  0.0  0.0  -0.084738  0.060884  -0.03253  -0.0015229  0.0  0.0  0.0  0.0  -0.078948  0.013189  -0.042024  0.0012256  0.0  0.0  0.0  0.0  -0.035871  0.00012933  -0.013536  0.0010155  0.0  0.0  0.0  0.0  -0.017917  2.5703e-05  -0.0076286  0.00020431  0.0  0.0  0.0  0.0  -0.0085285  -6.6185e-06  0.0  0.0
1930.0  -0.13658  0.071093  0.0  0.0  -0.08503  0.060222  -0.032962  -0.0015165  0.0  0.0  0.0  0.0  -0.079679  0.013184  -0.042462  0.001193  0.0  0.0  0.0  0.0  -0.036464  0.00012602  -0.013727  0.0010813  0.0  0.0  0.0  0.0  -0.01835  2.7887e-05  -0.0077851  0.0002245  0.0  0.0  0.0  0.0  -0.0087939  -7.1645e-06  0.0  0.0
1935.0  -0.13711  0.07024  0.0  0.0  -0.085281  0.059562  -0.033395  -0.0015086  0.0  0.0  0.0  0.0  -0.080391  0.013174  -0.042895  0.0011587  0.0  0.0  0.0  0.0  -0.037053  0.00012266  -0.013917  0.0011498  0.0  0.0  0.0  0.0  -0.018785  3.0163e-05  -0.0079406  0.0002463  0.0  0.0  0.0  0.0  -0.0090616  -7.7441e-06  0.0  0.0
1940.0  -0.13763  0.069394  0.0  0.0  -0.085493  0.058905  -0.033829  -0.0014993  0.0  0.0  0.0  0.0  -0.081085  0.013161  -0.043323  0.0011224  0.0  0.0  0.0  0.0  -0.037638  0.00011926  -0.014106  0.001221  0.0  0.0  0.0  0.0  -0.01922  3.2517e-05  -0.008095  0.00026979  0.0  0.0  0.0  0.0  -0.0093316  -8.3588e-06  0.0  0.0
1945.0  -0.13813  0.068554  0.0  0.0  -0.085668  0.058253  -0.034263  -0.001489  0.0  0.0  0.0  0.0  -0.08176  0.013146  -0.043747  0.0010841  0.0  0.0  0.0  0.0  -0.038219  0.00011581  -0.014294  0.0012947  0.0  0.0  0.0  0.0  -0.019657  3.4932e-05  -0.0082484  0.00029507  0.0  0.0  0.0  0.0  -0.0096038  -9.0098e-06  0.0  0.0
1950.0  -0.13863  0.067722  0.0  0.0  -0.085807  0.057608  -0.034698  -0.0014778  0.0  0.0  0.0  0.0  -0.082417  0.013129  -0.044167  0.0010436  0.0  0.0  0.0  0.0  -0.038795  0.0001123  -0.014482  0.0013711  0.0  0.0  0.0  0.0  -0.020094  3.7385e-05  -0.0084008  0.00032224  0.0  0.0  0.0  0.0  -0.0098782  -9.6987e-06  0.0  0.0
1955.0  -0.13911  0.066897  0.0  0.0  -0.085911  0.056972  -0.035132  -0.0014656  0.0  0.0  0.0  0.0  -0.083057  0.013111  -0.044582  0.0010008  0.0  0.0  0.0  0.0  -0.039367  0.00010874  -0.01467  0.00145  0.0  0.0  0.0  0.0  -0.020533  3.9849e-05  -0.008552  0.00035139  0.0  0.0  0.0  0.0  -0.010155  -1.0427e-05  0.0  0.0
1960.0  -0.13958  0.06608  0.0  0.0  -0.085982  0.056346  -0.035567  -0.0014527  0.0  0.0  0.0  0.0  -0.08368  0.013094  -0.044993  0.00095557  0.0  0.0  0.0  0.0  -0.039934  0.00010512  -0.014857  0.0015314  0.0  0.0  0.0  0.0  -0.020972  4.2294e-05  -0.0087022  0.00038262  0.0  0.0  0.0  0.0  -0.010433  -1.1196e-05  0.0  0.0
1965.0  -0.14004  0.065272  0.0  0.0  -0.086023  0.055732  -0.036  -0.0014391  0.0  0.0  0.0  0.0  -0.084288  0.013077  -0.045399  0.00090779  0.0  0.0  0.0  0.0  -0.040497  0.00010144  -0.015044  0.0016154  0.0  0.0  0.0  0.0  -0.021412  4.4684e-05  -0.0088513  0.00041603  0.0  0.0  0.0  0.0  -0.010713  -1.2007e-05  0.0  0.0
1970.0  -0.1405  0.064471  0.0  0.0  -0.086035  0.055131  -0.036433  -0.0014248  0.0  0.0  0.0  0.0  -0.084881  0.013062  -0.045802  0.00085733  0.0  0.0  0.0  0.0  -0.041056  9.7701e-05  -0.015231  0.0017017  0.0  0.0  0.0  0.0  -0.021853  4.6977e-05  -0.0089994  0.00045174  0.0  0.0  0.0  0.0  -0.010995  -1.2861e-05  0.0  0.0
1975.0  -0.14094  0.06368  0.0  0.0  -0.08602  0.054543  -0.036865  -0.0014098  0.0  0.0  0.0  0.0  -0.08546  0.013048  -0.0462  0.00080405  0.0  0.0  0.0  0.0  -0.041611  9.3895e-05  -0.015417  0.0017905  0.0  0.0  0.0  0.0  -0.022295  4.9129e-05  -0.0091464  0.00048986  0.0  0.0  0.0  0.0  -0.011279  -1.3761e-05  0.0  0.0
1980.0  -0.14137  0.062896  0.0  0.0  -0.085979  0.05397  -0.037296  -0.0013941  0.0  0.0  0.0  0.0  -0.086025  0.013037  -0.046595  0.00074783  0.0  0.0  0.0  0.0  -0.04216  9.0025e-05  -0.015604  0.0018816  0.0  0.0  0.0  0.0  -0.022737  5.1089e-05  -0.0092923  0.00053049  0.0  0.0  0.0  0.0  -0.011565  -1.4706e-05  0.0  0.0
1985.0  -0.1418  0.062122  0.0  0.0  -0.085916  0.053412  -0.037726  -0.0013778  0.0  0.0  0.0  0.0  -0.08658  0.013028  -0.046985  0.00068857  0.0  0.0  0.0  0.0  -0.042706  8.6088e-05  -0.015791  0.0019749  0.0  0.0  0.0  0.0  -0.02318  5.2802e-05  -0.0094372  0.00057377  0.0  0.0  0.0  0.0  -0.011852  -1.57e-05  0.0  0.0
1990.0  -0.14222  0.061355  0.0  0.0  -0.085832  0.05287  -0.038155  -0.0013609  0.0  0.0  0.0  0.0  -0.087123  0.013023  -0.047371  0.00062615  0.0  0.0  0.0  0.0  -0.043247  8.2083e-05  -0.015978  0.0020706  0.0  0.0  0.0  0.0  -0.023624  5.4209e-05  -0.0095811  0.00061981  0.0  0.0  0.0  0.0  -0.012141  -1.6742e-05  0.0  0.0
1995.0  -0.14263  0.060597  0.0  0.0  -0.085728  0.052343  -0.038582  -0.0013434  0.0  0.0  0.0  0.0  -0.087656  0.01302  -0.047753  0.00056047  0.0  0.0  0.0  0.0  -0.043784  7.8011e-05  -0.016165  0.0021685  0.0  0.0  0.0  0.0  -0.024068  5.5247e-05  -0.009724  0.00066877  0.0  0.0  0.0  0.0  -0.012431  -1.7834e-05  0.0  0.0
2000.0  -0.14304  0.059848  0.0  0.0  -0.085607  0.051832  -0.039007  -0.0013253  0.0  0.0  0.0  0.0  -0.088181  0.013021  -0.04813  0.00049146  0.0  0.0  0.0  0.0  -0.044317  7.3868e-05  -0.016352  0.0022686  0.0  0.0  0.0  0.0  -0.024513  5.5849e-05  -0.009866  0.00072078  0.0  0.0  0.0  0.0  -0.012723  -1.8977e-05  0.0  0.0
2005.0  -0.14344  0.059105  0.0  0.0  -0.08547  0.051337  -0.039432  -0.0013066  0.0  0.0  0.0  0.0  -0.088697  0.013024  -0.048504  0.00041904  0.0  0.0  0.0  0.0  -0.044845  6.9653e-05  -0.01654  0.0023709  0.0  0.0  0.0  0.0  -0.024958  5.5943e-05  -0.010007  0.00077601  0.0  0.0  0.0  0.0  -0.013016  -2.0172e-05  0.0  0.0
2010.0  -0.14384  0.058371  0.0  0.0  -0.085318  0.050858  -0.039854  -0.0012876  0.0  0.0  0.0  0.0  -0.089207  0.01303  -0.048873  0.00034314  0.0  0.0  0.0  0.0  -0.045369  6.5362e-05  -0.016728  0.0024755  0.0  0.0  0.0  0.0  -0.025404  5.5455e-05  -0.010147  0.00083463  0.0  0.0  0.0  0.0  -0.01331  -2.142e-05  0.0  0.0
2015.0  -0.14423  0.057644  0.0  0.0  -0.085152  0.050394  -0.040275  -0.0012681  0.0  0.0  0.0  0.0  -0.089712  0.013039  -0.049237  0.00026371  0.0  0.0  0.0  0.0  -0.045889  6.0992e-05  -0.016916  0.0025824  0.0  0.0  0.0  0.0  -0.02585  5.4308e-05  -0.010287  0.00089682  0.0  0.0  0.0  0.0  -0.013606  -2.2721e-05  0.0  0.0
2020.0  -0.14461  0.056923  0.0  0.0  -0.084975  0.049944  -0.040695  -0.0012483  0.0  0.0  0.0  0.0  -0.090211  0.013049  -0.049597  0.00018072  0.0  0.0  0.0  0.0  -0.046404  5.6536e-05  -0.017105  0.0026917  0.0  0.0  0.0  0.0  -0.026296  5.2423e-05  -0.010426  0.00096277  0.0  0.0  0.0  0.0  -0.013902  -2.4078e-05  0.0  0.0
2025.0  -0.14499  0.05621  0.0  0.0  -0.084786  0.049509  -0.041113  -0.0012282  0.0  0.0  0.0  0.0  -0.090706  0.013062  -0.049953  9.4124e-05  0.0  0.0  0.0  0.0  -0.046915  5.1987e-05  -0.017294  0.0028034  0.0  0.0  0.0  0.0  -0.026743  4.9718e-05  -0.010564  0.0010327  0.0  0.0  0.0  0.0  -0.0142  -2.5488e-05  0.0  0.0
2030.0  -0.14536  0.055502  0.0  0.0  -0.084588  0.049088  -0.041529  -0.001208  0.0  0.0  0.0  0.0  -0.091198  0.013075  -0.050304  3.9104e-06  0.0  0.0  0.0  0.0  -0.047422  4.7336e-05  -0.017484  0.0029176  0.0  0.0  0.0  0.0  -0.027189  4.6113e-05  -0.010703  0.0011068  0.0  0.0  0.0  0.0  -0.014499  -2.6955e-05  0.0  0.0
2035.0  -0.14573  0.054801  0.0  0.0  -0.084379  0.04868  -0.041943  -0.0011877  0.0  0.0  0.0  0.0  -0.091688  0.013088  -0.05065  -8.9938e-05  0.0  0.0  0.0  0.0  -0.047925  4.2572e-05  -0.017674  0.0030343  0.0  0.0  0.0  0.0  -0.027636  4.1524e-05  -0.01084  0.0011853  0.0  0.0  0.0  0.0  -0.014799  -2.8476e-05  0.0  0.0
2040.0  -0.14609  0.054106  0.0  0.0  -0.084161  0.048286  -0.042355  -0.0011675  0.0  0.0  0.0  0.0  -0.092176  0.013101  -0.050991  -0.00018743  0.0  0.0  0.0  0.0  -0.048424  3.7682e-05  -0.017866  0.0031537  0.0  0.0  0.0  0.0  -0.028083  3.5871e-05  -0.010979  0.0012685  0.0  0.0  0.0  0.0  -0.0151  -3.0054e-05  0.0  0.0
2045.0  -0.14645  0.053417  0.0  0.0  -0.083935  0.047904  -0.042766  -0.0011474  0.0  0.0  0.0  0.0  -0.092662  0.013113  -0.051327  -0.00028856  0.0  0.0  0.0  0.0  -0.048918  3.2653e-05  -0.018058  0.0032759  0.0  0.0  0.0  0.0  -0.02853  2.9075e-05  -0.011117  0.0013565  0.0  0.0  0.0  0.0  -0.015401  -3.1687e-05  0.0  0.0
2050.0  -0.1468  0.052733  0.0  0.0  -0.083701  0.047534  -0.043174  -0.0011274  0.0  0.0  0.0  0.0  -0.093147  0.013123  -0.051658  -0.00039333  0.0  0.0  0.0  0.0  -0.049408  2.7469e-05  -0.018252  0.0034008  0.0  0.0  0.0  0.0  -0.028977  2.1062e-05  -0.011256  0.0014495  0.0  0.0  0.0  0.0  -0.015704  -3.3375e-05  0.0  0.0
2055.0  -0.14715  0.052055  0.0  0.0  -0.083458  0.047177  -0.04358  -0.0011078  0.0  0.0  0.0  0.0  -0.093632  0.013129  -0.051984  -0.00050173  0.0  0.0  0.0  0.0  -0.049895  2.2114e-05  -0.018448  0.0035287  0.0  0.0  0.0  0.0  -0.029423  1.1759e-05  -0.011396  0.0015478  0.0  0.0  0.0  0.0  -0.016007  -3.5117e-05  0.0  0.0
2060.0  -0.14749  0.051382  0.0  0.0  -0.083207  0.046831  -0.043985  -0.0010885  0.0  0.0  0.0  0.0  -0.094115  0.013132  -0.052305  -0.00061376  0.0  0.0  0.0  0.0  -0.050377  1.6571e-05  -0.018646  0.0036594  0.0  0.0  0.0  0.0  -0.029869  1.1025e-06  -0.011538  0.0016515  0.0  0.0  0.0  0.0  -0.016311  -3.6913e-05  0.0  0.0
2065.0  -0.14782  0.050715  0.0  0.0  -0.082948  0.046498  -0.044387  -0.0010697  0.0  0.0  0.0  0.0  -0.094598  0.01313  -0.052621  -0.0007294  0.0  0.0  0.0  0.0  -0.050855  1.0824e-05  -0.018845  0.0037929  0.0  0.0  0.0  0.0  -0.030315  -1.0967e-05  -0.011681  0.0017607  0.0  0.0  0.0  0.0  -0.016616  -3.8762e-05  0.0  0.0
2070.0  -0.14815  0.050052  0.0  0.0  -0.082681  0.046176  -0.044786  -0.0010515  0.0  0.0  0.0  0.0  -0.09508  0.013122  -0.052931  -0.00084864  0.0  0.0  0.0  0.0  -0.051329  4.8551e-06  -0.019048  0.0039293  0.0  0.0  0.0  0.0  -0.03076  -2.4502e-05  -0.011828  0.0018755  0.0  0.0  0.0  0.0  -0.016921  -4.0663e-05  0.0  0.0
2075.0  -0.14848  0.049395  0.0  0.0  -0.082407  0.045866  -0.045183  -0.0010338  0.0  0.0  0.0  0.0  -0.095561  0.013108  -0.053236  -0.00097147  0.0  0.0  0.0  0.0  -0.051799  -1.351e-06  -0.019253  0.0040683  0.0  0.0  0.0  0.0  -0.031204  -3.9544e-05  -0.011977  0.0019959  0.0  0.0  0.0  0.0  -0.017227  -4.2613e-05  0.0  0.0
2080.0  -0.14879  0.048744  0.0  0.0  -0.082125  0.045568  -0.045578  -0.0010168  0.0  0.0  0.0  0.0  -0.096039  0.013086  -0.053535  -0.0010979  0.0  0.0  0.0  0.0  -0.052265  -7.8094e-06  -0.019462  0.00421  0.0  0.0  0.0  0.0  -0.031648  -5.6128e-05  -0.01213  0.0021218  0.0  0.0  0.0  0.0  -0.017533  -4.461e-05  0.0  0.0
2085.0  -0.14911  0.048097  0.0  0.0  -0.081835  0.045283  -0.04597  -0.0010004  0.0  0.0  0.0  0.0  -0.096515  0.013056  -0.053828  -0.0012278  0.0  0.0  0.0  0.0  -0.052728  -1.4533e-05  -0.019674  0.0043539  0.0  0.0  0.0  0.0  -0.03209  -7.4281e-05  -0.012287  0.002253  0.0  0.0  0.0  0.0  -0.01784  -4.6653e-05  0.0  0.0
2090.0  -0.14941  0.047456  0.0  0.0  -0.081537  0.045011  -0.046359  -0.00098484  0.0  0.0  0.0  0.0  -0.096988  0.013018  -0.054116  -0.0013614  0.0  0.0  0.0  0.0  -0.053186  -2.1535e-05  -0.019891  0.0044999  0.0  0.0  0.0  0.0  -0.032531  -9.4018e-05  -0.012449  0.0023893  0.0  0.0  0.0  0.0  -0.018147  -4.8738e-05  0.0  0.0
2095.0  -0.14971  0.04682  0.0  0.0  -0.081231  0.044752  -0.046745  -0.00097002  0.0  0.0  0.0  0.0  -0.097457  0.012971  -0.054397  -0.0014984  0.0  0.0  0.0  0.0  -0.05364  -2.8824e-05  -0.020111  0.0046477  0.0  0.0  0.0  0.0  -0.032972  -0.00011535  -0.012617  0.0025303  0.0  0.0  0.0  0.0  -0.018454  -5.0862e-05  0.0  0.0
2100.0  -0.15001  0.046189  0.0  0.0  -0.080919  0.044507  -0.047128  -0.00095597  0.0  0.0  0.0  0.0  -0.097922  0.012915  -0.054672  -0.0016389  0.0  0.0  0.0  0.0  -0.05409  -3.6409e-05  -0.020337  0.0047967  0.0  0.0  0.0  0.0  -0.03341  -0.00013826  -0.012791  0.0026754  0.0  0.0  0.0  0.0  -0.018762  -5.3021e-05  0.0  0.0
2105.0  -0.1503  0.045564  0.0  0.0  -0.080599  0.044277  -0.047507  -0.00094268  0.0  0.0  0.0  0.0  -0.098381  0.01285  -0.05494  -0.0017829  0.0  0.0  0.0  0.0  -0.054537  -4.4296e-05  -0.020567  0.0049467  0.0  0.0  0.0  0.0  -0.033847  -0.00016276  -0.012972  0.0028243  0.0  0.0  0.0  0.0  -0.01907  -5.5211e-05  0.0  0.0
2110.0  -0.15058  0.044943  0.0  0.0  -0.080273  0.044061  -0.047883  -0.00093011  0.0  0.0  0.0  0.0  -0.098833  0.012776  -0.055201  -0.0019302  0.0  0.0  0.0  0.0  -0.054979  -5.2488e-05  -0.020803  0.0050969  0.0  0.0  0.0  0.0  -0.034283  -0.0001888  -0.01316  0.002976  0.0  0.0  0.0  0.0  -0.019378  -5.7428e-05  0.0  0.0
2115.0  -0.15086  0.044329  0.0  0.0  -0.07994  0.043862  -0.048256  -0.00091822  0.0  0.0  0.0  0.0  -0.099279  0.012692  -0.055456  -0.0020808  0.0  0.0  0.0  0.0  -0.055418  -6.0988e-05  -0.021045  0.0052469  0.0  0.0  0.0  0.0  -0.034717  -0.00021637  -0.013355  0.0031298  0.0  0.0  0.0  0.0  -0.019687  -5.9665e-05  0.0  0.0
2120.0  -0.15113  0.04372  0.0  0.0  -0.079602  0.043678  -0.048625  -0.00090692  0.0  0.0  0.0  0.0  -0.099716  0.0126  -0.055703  -0.0022345  0.0  0.0  0.0  0.0  -0.055853  -6.9794e-05  -0.021291  0.0053961  0.0  0.0  0.0  0.0  -0.035149  -0.00024541  -0.013558  0.003285  0.0  0.0  0.0  0.0  -0.019995  -6.1917e-05  0.0  0.0
2125.0  -0.1514  0.043116  0.0  0.0  -0.079259  0.043512  -0.04899  -0.00089612  0.0  0.0  0.0  0.0  -0.10014  0.0125  -0.055942  -0.0023911  0.0  0.0  0.0  0.0  -0.056284  -7.8904e-05  -0.021543  0.0055438  0.0  0.0  0.0  0.0  -0.035579  -0.00027588  -0.013769  0.0034405  0.0  0.0  0.0  0.0  -0.020304  -6.4177e-05  0.0  0.0
2130.0  -0.15166  0.042519  0.0  0.0  -0.078913  0.043362  -0.049352  -0.0008857  0.0  0.0  0.0  0.0  -0.10056  0.012391  -0.056173  -0.0025503  0.0  0.0  0.0  0.0  -0.05671  -8.8313e-05  -0.021801  0.0056894  0.0  0.0  0.0  0.0  -0.036007  -0.0003077  -0.013988  0.0035956  0.0  0.0  0.0  0.0  -0.020613  -6.644e-05  0.0  0.0
2135.0  -0.15191  0.041927  0.0  0.0  -0.078563  0.043231  -0.049709  -0.00087552  0.0  0.0  0.0  0.0  -0.10097  0.012276  -0.056396  -0.0027118  0.0  0.0  0.0  0.0  -0.057133  -9.8015e-05  -0.022063  0.0058323  0.0  0.0  0.0  0.0  -0.036433  -0.0003408  -0.014214  0.0037493  0.0  0.0  0.0  0.0  -0.020922  -6.8696e-05  0.0  0.0
2140.0  -0.15216  0.041341  0.0  0.0  -0.078211  0.043117  -0.050062  -0.00086543  0.0  0.0  0.0  0.0  -0.10137  0.012153  -0.05661  -0.0028752  0.0  0.0  0.0  0.0  -0.057553  -0.000108  -0.02233  0.0059719  0.0  0.0  0.0  0.0  -0.036856  -0.00037511  -0.014448  0.0039007  0.0  0.0  0.0  0.0  -0.021231  -7.094e-05  0.0  0.0
2145.0  -0.15241  0.040762  0.0  0.0  -0.077857  0.043021  -0.050411  -0.00085525  0.0  0.0  0.0  0.0  -0.10176  0.012024  -0.056816  -0.0030401  0.0  0.0  0.0  0.0  -0.057968  -0.00011825  -0.022602  0.0061077  0.0  0.0  0.0  0.0  -0.037278  -0.00041052  -0.014688  0.0040493  0.0  0.0  0.0  0.0  -0.02154  -7.3163e-05  0.0  0.0
2150.0  -0.15265  0.040188  0.0  0.0  -0.077503  0.042944  -0.050757  -0.00084481  0.0  0.0  0.0  0.0  -0.10214  0.01189  -0.057012  -0.0032058  0.0  0.0  0.0  0.0  -0.05838  -0.00012876  -0.022878  0.0062391  0.0  0.0  0.0  0.0  -0.037696  -0.00044696  -0.014935  0.0041942  0.0  0.0  0.0  0.0  -0.021848  -7.5358e-05  0.0  0.0
2155.0  -0.15289  0.03962  0.0  0.0  -0.07715  0.042884  -0.051098  -0.00083394  0.0  0.0  0.0  0.0  -0.1025  0.011751  -0.057199  -0.0033718  0.0  0.0  0.0  0.0  -0.058787  -0.00013952  -0.023157  0.0063657  0.0  0.0  0.0  0.0  -0.038113  -0.0004843  -0.015187  0.0043352  0.0  0.0  0.0  0.0  -0.022157  -7.7516e-05  0.0  0.0
2160.0  -0.15312  0.039059  0.0  0.0  -0.076799  0.042843  -0.051435  -0.00082245  0.0  0.0  0.0  0.0  -0.10286  0.011608  -0.057376  -0.0035374  0.0  0.0  0.0  0.0  -0.059191  -0.00015049  -0.023439  0.0064872  0.0  0.0  0.0  0.0  -0.038527  -0.00052246  -0.015443  0.0044716  0.0  0.0  0.0  0.0  -0.022466  -7.9632e-05  0.0  0.0
2165.0  -0.15335  0.038503  0.0  0.0  -0.076449  0.042819  -0.051768  -0.00081019  0.0  0.0  0.0  0.0  -0.1032  0.011462  -0.057544  -0.0037019  0.0  0.0  0.0  0.0  -0.059592  -0.00016167  -0.023723  0.0066033  0.0  0.0  0.0  0.0  -0.038938  -0.00056135  -0.015704  0.0046035  0.0  0.0  0.0  0.0  -0.022774  -8.1697e-05  0.0  0.0
2170.0  -0.15357  0.037953  0.0  0.0  -0.076103  0.042811  -0.052097  -0.000797  0.0  0.0  0.0  0.0  -0.10353  0.011313  -0.057703  -0.0038646  0.0  0.0  0.0  0.0  -0.059988  -0.00017302  -0.024008  0.006714  0.0  0.0  0.0  0.0  -0.039347  -0.00060086  -0.015968  0.0047306  0.0  0.0  0.0  0.0  -0.023082  -8.3707e-05  0.0  0.0
2175.0  -0.1538  0.037409  0.0  0.0  -0.07576  0.042821  -0.052423  -0.00078275  0.0  0.0  0.0  0.0  -0.10385  0.011163  -0.057853  -0.0040249  0.0  0.0  0.0  0.0  -0.060381  -0.00018454  -0.024294  0.0068191  0.0  0.0  0.0  0.0  -0.039754  -0.00064091  -0.016234  0.004853  0.0  0.0  0.0  0.0  -0.02339  -8.5656e-05  0.0  0.0
2180.0  -0.15402  0.036871  0.0  0.0  -0.075422  0.042846  -0.052745  -0.00076733  0.0  0.0  0.0  0.0  -0.10415  0.011013  -0.057995  -0.0041819  0.0  0.0  0.0  0.0  -0.06077  -0.00019619  -0.02458  0.0069189  0.0  0.0  0.0  0.0  -0.040158  -0.00068143  -0.016502  0.0049711  0.0  0.0  0.0  0.0  -0.023698  -8.7538e-05  0.0  0.0
2185.0  -0.15423  0.036337  0.0  0.0  -0.075087  0.042887  -0.053064  -0.00075066  0.0  0.0  0.0  0.0  -0.10445  0.010862  -0.058129  -0.0043353  0.0  0.0  0.0  0.0  -0.061156  -0.00020795  -0.024866  0.0070133  0.0  0.0  0.0  0.0  -0.04056  -0.00072235  -0.016771  0.0050849  0.0  0.0  0.0  0.0  -0.024006  -8.9351e-05  0.0  0.0
2190.0  -0.15445  0.035808  0.0  0.0  -0.074757  0.042943  -0.05338  -0.0007327  0.0  0.0  0.0  0.0  -0.10473  0.010712  -0.058255  -0.0044845  0.0  0.0  0.0  0.0  -0.061538  -0.0002198  -0.02515  0.0071028  0.0  0.0  0.0  0.0  -0.040959  -0.00076363  -0.017042  0.0051949  0.0  0.0  0.0  0.0  -0.024313  -9.1091e-05  0.0  0.0
2195.0  -0.15466  0.035284  0.0  0.0  -0.074431  0.043013  -0.053692  -0.00071342  0.0  0.0  0.0  0.0  -0.105  0.010565  -0.058375  -0.0046292  0.0  0.0  0.0  0.0  -0.061916  -0.00023172  -0.025433  0.0071876  0.0  0.0  0.0  0.0  -0.041356  -0.00080521  -0.017312  0.0053016  0.0  0.0  0.0  0.0  -0.02462  -9.2757e-05  0.0  0.0
2200.0  -0.15487  0.034764  0.0  0.0  -0.074109  0.043098  -0.054002  -0.00069284  0.0  0.0  0.0  0.0  -0.10526  0.010419  -0.058489  -0.0047691  0.0  0.0  0.0  0.0  -0.062291  -0.00024367  -0.025713  0.0072681  0.0  0.0  0.0  0.0  -0.041751  -0.00084708  -0.017583  0.0054053  0.0  0.0  0.0  0.0  -0.024927  -9.4347e-05  0.0  0.0
