#Partial waves for pi + N -> K Lambda 
#columns: W S11  S31  P11  P13  P31  P33  D13  D15  D33  D35  F15  F17  F35  F37  G17  G19  G37  G39  H19  H39
1615.0  0.02538  0.06442  0.0  0.0  -0.01568  0.018825  0.004658  0.00039865  0.0  0.0  0.0  0.0  -0.00081472  0.00071242  -4.5063e-07  -2.7487e-05  0.0  0.0  0.0  0.0  5.0486e-05  3.201e-05  1.0818e-05  3.2004e-07  0.0  0.0  0.0  0.0  5.5206e-07  1.8561e-08  -1.292e-08  -5.5867e-10  0.0  0.0  0.0  0.0  1.4709e-08  1.7215e-10  0.0  0.0
1620.0  0.031805  0.077017  0.0  0.0  -0.028412  0.032859  0.0084456  0.00085382  0.0  0.0  0.0  0.0  -0.0020384  0.0017504  -1.1225e-05  -9.2319e-05  0.0  0.0  0.0  0.0  0.00019614  0.00013819  4.198e-05  1.2968e-06  0.0  0.0  0.0  0.0  3.1493e-06  1.0916e-07  -8.4407e-08  -3.6412e-09  0.0  0.0  0.0  0.0  1.2377e-07  1.5064e-09  0.0  0.0
1625.0  0.036887  0.085396  0.0  0.0  -0.03981  0.044231  0.01185  0.0013981  0.0  0.0  0.0  0.0  -0.0033285  0.002814  -3.2541e-05  -0.00019617  0.0  0.0  0.0  0.0  0.00041588  0.00032783  8.9658e-05  2.8934e-06  0.0  0.0  0.0  0.0  8.3364e-06  2.978e-07  -2.5151e-07  -1.096e-08  0.0  0.0  0.0  0.0  4.0749e-07  5.1554e-09  0.0  0.0
1630.0  0.041472  0.092492  0.0  0.0  -0.050515  0.053808  0.01507  0.0020547  0.0  0.0  0.0  0.0  -0.0046163  0.0038514  -5.9713e-05  -0.00034508  0.0  0.0  0.0  0.0  0.00069406  0.00061708  0.0001524  5.1406e-06  0.0  0.0  0.0  0.0  1.6453e-05  6.0558e-07  -5.5128e-07  -2.4495e-08  0.0  0.0  0.0  0.0  9.3703e-07  1.232e-08  0.0  0.0
1635.0  0.045698  0.099325  0.0  0.0  -0.060744  0.061937  0.018177  0.002842  0.0  0.0  0.0  0.0  -0.0058681  0.0048425  -8.513e-05  -0.00054396  0.0  0.0  0.0  0.0  0.0010107  0.0010236  0.00022936  8.0907e-06  0.0  0.0  0.0  0.0  2.7767e-05  1.0528e-06  -1.0222e-06  -4.6644e-08  0.0  0.0  0.0  0.0  1.7796e-06  2.4306e-08  0.0  0.0
1640.0  0.049476  0.10638  0.0  0.0  -0.070578  0.068817  0.021203  0.0037776  0.0  0.0  0.0  0.0  -0.0070646  0.005779  -9.8923e-05  -0.00079553  0.0  0.0  0.0  0.0  0.0013389  0.0015632  0.00031997  1.181e-05  0.0  0.0  0.0  0.0  4.2508e-05  1.6598e-06  -1.7043e-06  -8.0305e-08  0.0  0.0  0.0  0.0  3e-06  4.2552e-08  0.0  0.0
1645.0  0.052626  0.11387  0.0  0.0  -0.08005  0.074583  0.024158  0.004879  0.0  0.0  0.0  0.0  -0.008194  0.0066589  -8.9849e-05  -0.0010994  0.0  0.0  0.0  0.0  0.0016432  0.0022459  0.00042384  1.6375e-05  0.0  0.0  0.0  0.0  6.0875e-05  2.4474e-06  -2.6388e-06  -1.2895e-07  0.0  0.0  0.0  0.0  4.6616e-06  6.8645e-08  0.0  0.0
1650.0  0.054943  0.12186  0.0  0.0  -0.089171  0.079342  0.027039  0.0061634  0.0  0.0  0.0  0.0  -0.0092488  0.0074831  -4.6494e-05  -0.0014516  0.0  0.0  0.0  0.0  0.0018813  0.0030711  0.00054064  2.1875e-05  0.0  0.0  0.0  0.0  8.305e-05  3.4372e-06  -3.8682e-06  -1.9671e-07  0.0  0.0  0.0  0.0  6.8265e-06  1.0433e-07  0.0  0.0
1655.0  0.056236  0.13029  0.0  0.0  -0.097945  0.083182  0.029832  0.0076462  0.0  0.0  0.0  0.0  -0.010225  0.0082543  4.1356e-05  -0.0018447  0.0  0.0  0.0  0.0  0.0020083  0.0040229  0.00067014  2.8405e-05  0.0  0.0  0.0  0.0  0.0001092  4.6511e-06  -5.4361e-06  -2.8843e-07  0.0  0.0  0.0  0.0  9.5561e-06  1.5154e-07  0.0  0.0
1660.0  0.056359  0.13902  0.0  0.0  -0.10638  0.086177  0.032511  0.009339  0.0  0.0  0.0  0.0  -0.011119  0.0089767  0.00018142  -0.0022682  0.0  0.0  0.0  0.0  0.0019833  0.005068  0.00081212  3.6071e-05  0.0  0.0  0.0  0.0  0.00013947  6.1124e-06  -7.3871e-06  -4.0977e-07  0.0  0.0  0.0  0.0  1.2911e-05  2.1237e-07  0.0  0.0
1665.0  0.055235  0.14786  0.0  0.0  -0.11447  0.088387  0.035042  0.011247  0.0  0.0  0.0  0.0  -0.011931  0.0096545  0.00037802  -0.0027099  0.0  0.0  0.0  0.0  0.001778  0.0061572  0.00096642  4.4989e-05  0.0  0.0  0.0  0.0  0.00017401  7.8447e-06  -9.7665e-06  -5.6725e-07  0.0  0.0  0.0  0.0  1.6951e-05  2.8913e-07  0.0  0.0
1670.0  0.052887  0.15664  0.0  0.0  -0.12225  0.08986  0.037385  0.013365  0.0  0.0  0.0  0.0  -0.01266  0.010293  0.00063169  -0.0031569  0.0  0.0  0.0  0.0  0.0013843  0.0072323  0.0011329  5.5279e-05  0.0  0.0  0.0  0.0  0.00021294  9.8727e-06  -1.262e-05  -7.6834e-07  0.0  0.0  0.0  0.0  2.1737e-05  3.8433e-07  0.0  0.0
1675.0  0.049524  0.16531  0.0  0.0  -0.12972  0.090626  0.039493  0.015676  0.0  0.0  0.0  0.0  -0.013309  0.010897  0.00093951  -0.0035977  0.0  0.0  0.0  0.0  0.00081626  0.0082359  0.0013114  6.7071e-05  0.0  0.0  0.0  0.0  0.00025638  1.2222e-05  -1.5996e-05  -1.0215e-06  0.0  0.0  0.0  0.0  2.7326e-05  5.0072e-07  0.0  0.0
1680.0  0.045556  0.17467  0.0  0.0  -0.13689  0.090714  0.04132  0.018146  0.0  0.0  0.0  0.0  -0.013878  0.011471  0.0012958  -0.0040222  0.0  0.0  0.0  0.0  0.0001073  0.0091215  0.0015017  8.05e-05  0.0  0.0  0.0  0.0  0.00030445  1.4918e-05  -1.994e-05  -1.3363e-06  0.0  0.0  0.0  0.0  3.3778e-05  6.4123e-07  0.0  0.0
1685.0  0.038543  0.18833  0.0  0.0  -0.14388  0.090184  0.042831  0.020719  0.0  0.0  0.0  0.0  -0.014371  0.01202  0.0016931  -0.0044232  0.0  0.0  0.0  0.0  -0.00069738  0.0098601  0.0017039  9.5705e-05  0.0  0.0  0.0  0.0  0.00035726  1.7988e-05  -2.4501e-05  -1.7232e-06  0.0  0.0  0.0  0.0  4.1149e-05  8.0908e-07  0.0  0.0
1690.0  0.012065  0.19449  0.0  0.0  -0.15097  0.088628  0.044012  0.023342  0.0  0.0  0.0  0.0  -0.01479  0.012548  0.0021233  -0.0047959  0.0  0.0  0.0  0.0  -0.00155  0.010441  0.0019176  0.00011283  0.0  0.0  0.0  0.0  0.00041489  2.146e-05  -2.9727e-05  -2.1941e-06  0.0  0.0  0.0  0.0  4.95e-05  1.0077e-06  0.0  0.0
1695.0  0.0024364  0.18386  0.0  0.0  -0.15733  0.085583  0.044836  0.025956  0.0  0.0  0.0  0.0  -0.01514  0.01306  0.0025783  -0.005138  0.0  0.0  0.0  0.0  -0.0024077  0.01087  0.002143  0.00013202  0.0  0.0  0.0  0.0  0.00047743  2.5361e-05  -3.5667e-05  -2.7619e-06  0.0  0.0  0.0  0.0  5.8884e-05  1.2407e-06  0.0  0.0
1700.0  -0.001208  0.17857  0.0  0.0  -0.16259  0.081694  0.04531  0.028464  0.0  0.0  0.0  0.0  -0.015423  0.013559  0.0030508  -0.0054489  0.0  0.0  0.0  0.0  -0.0032365  0.011164  0.0023797  0.00015343  0.0  0.0  0.0  0.0  0.00054497  2.972e-05  -4.237e-05  -3.4406e-06  0.0  0.0  0.0  0.0  6.9361e-05  1.5122e-06  0.0  0.0
1705.0  -0.0042149  0.17561  0.0  0.0  -0.1668  0.077199  0.045484  0.030789  0.0  0.0  0.0  0.0  -0.015644  0.014049  0.0035343  -0.0057296  0.0  0.0  0.0  0.0  -0.0040131  0.011344  0.0026277  0.00017719  0.0  0.0  0.0  0.0  0.00061759  3.4566e-05  -4.9885e-05  -4.2455e-06  0.0  0.0  0.0  0.0  8.0984e-05  1.8263e-06  0.0  0.0
1710.0  -0.007042  0.17354  0.0  0.0  -0.16994  0.072269  0.045425  0.03288  0.0  0.0  0.0  0.0  -0.015807  0.014531  0.0040237  -0.005982  0.0  0.0  0.0  0.0  -0.0047234  0.011433  0.0028869  0.00020347  0.0  0.0  0.0  0.0  0.00069535  3.9928e-05  -5.8262e-05  -5.1932e-06  0.0  0.0  0.0  0.0  9.3809e-05  2.1875e-06  0.0  0.0
1715.0  -0.0097801  0.17189  0.0  0.0  -0.17199  0.067098  0.045209  0.034709  0.0  0.0  0.0  0.0  -0.015916  0.015009  0.0045148  -0.0062085  0.0  0.0  0.0  0.0  -0.0053606  0.011453  0.0031571  0.0002324  0.0  0.0  0.0  0.0  0.00077831  4.5836e-05  -6.7553e-05  -6.3013e-06  0.0  0.0  0.0  0.0  0.00010789  2.6005e-06  0.0  0.0
1720.0  -0.012475  0.17046  0.0  0.0  -0.173  0.061868  0.044909  0.036276  0.0  0.0  0.0  0.0  -0.015975  0.015484  0.0050044  -0.0064115  0.0  0.0  0.0  0.0  -0.0059235  0.011422  0.0034383  0.00026413  0.0  0.0  0.0  0.0  0.00086653  5.2319e-05  -7.7807e-05  -7.5891e-06  0.0  0.0  0.0  0.0  0.00012329  3.0704e-06  0.0  0.0
1725.0  -0.015135  0.16908  0.0  0.0  -0.17304  0.056734  0.044593  0.0376  0.0  0.0  0.0  0.0  -0.015988  0.015958  0.0054901  -0.0065937  0.0  0.0  0.0  0.0  -0.0064142  0.011356  0.0037303  0.0002988  0.0  0.0  0.0  0.0  0.00096007  5.9408e-05  -8.9076e-05  -9.077e-06  0.0  0.0  0.0  0.0  0.00014004  3.6024e-06  0.0  0.0
1730.0  -0.017747  0.16769  0.0  0.0  -0.17221  0.051823  0.044309  0.038716  0.0  0.0  0.0  0.0  -0.015959  0.016431  0.0059702  -0.0067577  0.0  0.0  0.0  0.0  -0.0068369  0.011267  0.0040331  0.00033658  0.0  0.0  0.0  0.0  0.001059  6.7133e-05  -0.00010141  -1.0787e-05  0.0  0.0  0.0  0.0  0.00015821  4.2022e-06  0.0  0.0
1735.0  -0.020287  0.16623  0.0  0.0  -0.17061  0.047229  0.044089  0.039669  0.0  0.0  0.0  0.0  -0.015891  0.016906  0.0064434  -0.0069055  0.0  0.0  0.0  0.0  -0.0071969  0.011165  0.0043466  0.00037759  0.0  0.0  0.0  0.0  0.0011632  7.5525e-05  -0.00011487  -1.2743e-05  0.0  0.0  0.0  0.0  0.00017785  4.8757e-06  0.0  0.0
1740.0  -0.022734  0.16467  0.0  0.0  -0.16836  0.043021  0.043949  0.040499  0.0  0.0  0.0  0.0  -0.015788  0.017382  0.0069091  -0.0070392  0.0  0.0  0.0  0.0  -0.0074997  0.011056  0.0046706  0.00042201  0.0  0.0  0.0  0.0  0.001273  8.4613e-05  -0.0001295  -1.4969e-05  0.0  0.0  0.0  0.0  0.00019901  5.6288e-06  0.0  0.0
1745.0  -0.025067  0.16303  0.0  0.0  -0.16555  0.039244  0.043892  0.041247  0.0  0.0  0.0  0.0  -0.015654  0.01786  0.0073666  -0.0071608  0.0  0.0  0.0  0.0  -0.0077508  0.010946  0.0050051  0.00046999  0.0  0.0  0.0  0.0  0.0013882  9.4429e-05  -0.00014537  -1.7494e-05  0.0  0.0  0.0  0.0  0.00022174  6.4681e-06  0.0  0.0
1750.0  -0.027272  0.16128  0.0  0.0  -0.16229  0.035923  0.043912  0.041945  0.0  0.0  0.0  0.0  -0.01549  0.018341  0.0078156  -0.0072717  0.0  0.0  0.0  0.0  -0.0079555  0.010838  0.00535  0.00052171  0.0  0.0  0.0  0.0  0.0015088  0.000105  -0.00016252  -2.0348e-05  0.0  0.0  0.0  0.0  0.00024608  7.4003e-06  0.0  0.0
1755.0  -0.029342  0.15946  0.0  0.0  -0.15868  0.033069  0.043995  0.042616  0.0  0.0  0.0  0.0  -0.015302  0.018825  0.0082558  -0.0073734  0.0  0.0  0.0  0.0  -0.0081185  0.010735  0.0057053  0.00057734  0.0  0.0  0.0  0.0  0.001635  0.00011636  -0.00018102  -2.3562e-05  0.0  0.0  0.0  0.0  0.00027209  8.4323e-06  0.0  0.0
1760.0  -0.03127  0.15756  0.0  0.0  -0.1548  0.030678  0.044128  0.043278  0.0  0.0  0.0  0.0  -0.015091  0.019312  0.0086873  -0.0074672  0.0  0.0  0.0  0.0  -0.0082442  0.010639  0.0060709  0.00063711  0.0  0.0  0.0  0.0  0.0017666  0.00012854  -0.00020092  -2.7172e-05  0.0  0.0  0.0  0.0  0.00029982  9.5713e-06  0.0  0.0
1765.0  -0.033057  0.15561  0.0  0.0  -0.15072  0.028739  0.044295  0.043941  0.0  0.0  0.0  0.0  -0.01486  0.019801  0.00911  -0.0075542  0.0  0.0  0.0  0.0  -0.0083364  0.01055  0.0064467  0.00070123  0.0  0.0  0.0  0.0  0.0019038  0.00014157  -0.00022229  -3.1218e-05  0.0  0.0  0.0  0.0  0.00032929  1.0825e-05  0.0  0.0
1770.0  -0.034704  0.1536  0.0  0.0  -0.14653  0.027229  0.044482  0.044612  0.0  0.0  0.0  0.0  -0.014612  0.020293  0.009524  -0.0076353  0.0  0.0  0.0  0.0  -0.0083985  0.01047  0.0068328  0.00076994  0.0  0.0  0.0  0.0  0.0020465  0.00015548  -0.00024519  -3.5741e-05  0.0  0.0  0.0  0.0  0.00036058  1.2201e-05  0.0  0.0
1775.0  -0.036213  0.15156  0.0  0.0  -0.14227  0.026119  0.044677  0.045292  0.0  0.0  0.0  0.0  -0.014351  0.020786  0.0099294  -0.0077115  0.0  0.0  0.0  0.0  -0.0084333  0.010397  0.0072291  0.00084352  0.0  0.0  0.0  0.0  0.0021947  0.00017029  -0.00026968  -4.0789e-05  0.0  0.0  0.0  0.0  0.00039371  1.3707e-05  0.0  0.0
1780.0  -0.037589  0.14948  0.0  0.0  -0.13801  0.025377  0.044868  0.04598  0.0  0.0  0.0  0.0  -0.014079  0.021281  0.010326  -0.0077835  0.0  0.0  0.0  0.0  -0.0084434  0.010333  0.0076354  0.00092226  0.0  0.0  0.0  0.0  0.0023484  0.00018605  -0.00029584  -4.6413e-05  0.0  0.0  0.0  0.0  0.00042874  1.5352e-05  0.0  0.0
1785.0  -0.038837  0.14739  0.0  0.0  -0.13377  0.024966  0.045048  0.046674  0.0  0.0  0.0  0.0  -0.013797  0.021776  0.010715  -0.007852  0.0  0.0  0.0  0.0  -0.0084309  0.010276  0.0080517  0.0010065  0.0  0.0  0.0  0.0  0.0025076  0.00020277  -0.00032372  -5.2671e-05  0.0  0.0  0.0  0.0  0.00046569  1.7144e-05  0.0  0.0
1790.0  -0.039961  0.14527  0.0  0.0  -0.1296  0.024845  0.04521  0.047371  0.0  0.0  0.0  0.0  -0.013509  0.02227  0.011095  -0.0079176  0.0  0.0  0.0  0.0  -0.0083977  0.010226  0.008478  0.0010966  0.0  0.0  0.0  0.0  0.0026723  0.00022048  -0.0003534  -5.9625e-05  0.0  0.0  0.0  0.0  0.00050462  1.9093e-05  0.0  0.0
1795.0  -0.040966  0.14316  0.0  0.0  -0.12552  0.024975  0.04535  0.048066  0.0  0.0  0.0  0.0  -0.013217  0.022762  0.011467  -0.007981  0.0  0.0  0.0  0.0  -0.0083452  0.010183  0.0089142  0.0011928  0.0  0.0  0.0  0.0  0.0028425  0.00023921  -0.00038493  -6.7343e-05  0.0  0.0  0.0  0.0  0.00054557  2.1207e-05  0.0  0.0
1800.0  -0.041859  0.14104  0.0  0.0  -0.12154  0.025318  0.045465  0.048756  0.0  0.0  0.0  0.0  -0.012921  0.02325  0.011832  -0.0080426  0.0  0.0  0.0  0.0  -0.0082747  0.010145  0.00936  0.0012957  0.0  0.0  0.0  0.0  0.003018  0.000259  -0.0004184  -7.59e-05  0.0  0.0  0.0  0.0  0.00058857  2.3497e-05  0.0  0.0
1805.0  -0.042645  0.13892  0.0  0.0  -0.11767  0.025838  0.045551  0.049438  0.0  0.0  0.0  0.0  -0.012624  0.023733  0.012189  -0.0081029  0.0  0.0  0.0  0.0  -0.0081873  0.010112  0.0098154  0.0014056  0.0  0.0  0.0  0.0  0.0031989  0.00027986  -0.00045387  -8.5379e-05  0.0  0.0  0.0  0.0  0.00063366  2.5972e-05  0.0  0.0
1810.0  -0.043328  0.13681  0.0  0.0  -0.11391  0.026503  0.045607  0.050107  0.0  0.0  0.0  0.0  -0.012328  0.02421  0.012538  -0.0081623  0.0  0.0  0.0  0.0  -0.0080837  0.010084  0.01028  0.001523  0.0  0.0  0.0  0.0  0.0033852  0.00030182  -0.0004914  -9.5868e-05  0.0  0.0  0.0  0.0  0.00068087  2.8643e-05  0.0  0.0
1815.0  -0.043914  0.13471  0.0  0.0  -0.11026  0.027285  0.045633  0.050761  0.0  0.0  0.0  0.0  -0.012033  0.024679  0.01288  -0.0082212  0.0  0.0  0.0  0.0  -0.0079646  0.010061  0.010754  0.0016483  0.0  0.0  0.0  0.0  0.0035767  0.00032491  -0.00053107  -0.00010746  0.0  0.0  0.0  0.0  0.00073025  3.152e-05  0.0  0.0
1820.0  -0.044409  0.13263  0.0  0.0  -0.10672  0.028163  0.045627  0.051396  0.0  0.0  0.0  0.0  -0.01174  0.025139  0.013214  -0.0082799  0.0  0.0  0.0  0.0  -0.0078306  0.01004  0.011237  0.001782  0.0  0.0  0.0  0.0  0.0037735  0.00034914  -0.00057293  -0.00012027  0.0  0.0  0.0  0.0  0.00078183  3.4614e-05  0.0  0.0
1825.0  -0.044818  0.13057  0.0  0.0  -0.10328  0.029117  0.045588  0.052009  0.0  0.0  0.0  0.0  -0.011451  0.025587  0.013541  -0.0083389  0.0  0.0  0.0  0.0  -0.0076821  0.010023  0.011728  0.0019245  0.0  0.0  0.0  0.0  0.0039755  0.00037454  -0.00061704  -0.0001344  0.0  0.0  0.0  0.0  0.00083563  3.7937e-05  0.0  0.0
1830.0  -0.045146  0.12852  0.0  0.0  -0.099916  0.030135  0.045517  0.052596  0.0  0.0  0.0  0.0  -0.011166  0.026023  0.013862  -0.0083984  0.0  0.0  0.0  0.0  -0.0075194  0.010008  0.012227  0.0020764  0.0  0.0  0.0  0.0  0.0041826  0.00040112  -0.00066347  -0.00014997  0.0  0.0  0.0  0.0  0.0008917  4.1501e-05  0.0  0.0
1835.0  -0.045398  0.1265  0.0  0.0  -0.096637  0.031207  0.045413  0.053154  0.0  0.0  0.0  0.0  -0.010885  0.026445  0.014175  -0.0084589  0.0  0.0  0.0  0.0  -0.0073428  0.0099951  0.012735  0.002238  0.0  0.0  0.0  0.0  0.0043948  0.0004289  -0.00071227  -0.0001671  0.0  0.0  0.0  0.0  0.00095006  4.5318e-05  0.0  0.0
1840.0  -0.045578  0.1245  0.0  0.0  -0.093432  0.032325  0.045277  0.053678  0.0  0.0  0.0  0.0  -0.01061  0.026851  0.014481  -0.0085206  0.0  0.0  0.0  0.0  -0.0071525  0.0099844  0.013249  0.0024099  0.0  0.0  0.0  0.0  0.0046119  0.0004579  -0.00076348  -0.00018594  0.0  0.0  0.0  0.0  0.0010107  4.9402e-05  0.0  0.0
1845.0  -0.045691  0.12253  0.0  0.0  -0.090294  0.033485  0.045109  0.054165  0.0  0.0  0.0  0.0  -0.01034  0.02724  0.014781  -0.008584  0.0  0.0  0.0  0.0  -0.0069488  0.0099755  0.01377  0.0025924  0.0  0.0  0.0  0.0  0.004834  0.00048813  -0.00081715  -0.00020662  0.0  0.0  0.0  0.0  0.0010737  5.3764e-05  0.0  0.0
1850.0  -0.045741  0.12059  0.0  0.0  -0.08722  0.034683  0.044912  0.054609  0.0  0.0  0.0  0.0  -0.010076  0.02761  0.015073  -0.0086494  0.0  0.0  0.0  0.0  -0.0067318  0.009968  0.014298  0.0027859  0.0  0.0  0.0  0.0  0.0050609  0.00051961  -0.00087333  -0.00022928  0.0  0.0  0.0  0.0  0.0011392  5.8421e-05  0.0  0.0
1855.0  -0.045731  0.11866  0.0  0.0  -0.084208  0.035917  0.044687  0.055007  0.0  0.0  0.0  0.0  -0.0098172  0.027959  0.01536  -0.0087171  0.0  0.0  0.0  0.0  -0.0065016  0.009962  0.014831  0.0029907  0.0  0.0  0.0  0.0  0.0052925  0.00055234  -0.00093204  -0.00025409  0.0  0.0  0.0  0.0  0.0012069  6.3386e-05  0.0  0.0
1860.0  -0.045666  0.11677  0.0  0.0  -0.081256  0.037184  0.04444  0.055355  0.0  0.0  0.0  0.0  -0.0095639  0.028287  0.01564  -0.0087874  0.0  0.0  0.0  0.0  -0.0062586  0.0099573  0.015369  0.0032072  0.0  0.0  0.0  0.0  0.0055287  0.00058633  -0.00099331  -0.0002812  0.0  0.0  0.0  0.0  0.0012772  6.8674e-05  0.0  0.0
1865.0  -0.045547  0.1149  0.0  0.0  -0.078364  0.038483  0.044173  0.055648  0.0  0.0  0.0  0.0  -0.0093158  0.028591  0.015913  -0.0088608  0.0  0.0  0.0  0.0  -0.0060028  0.0099536  0.015912  0.0034356  0.0  0.0  0.0  0.0  0.0057696  0.0006216  -0.0010572  -0.00031079  0.0  0.0  0.0  0.0  0.0013498  7.4303e-05  0.0  0.0
1870.0  -0.045377  0.11306  0.0  0.0  -0.075533  0.039809  0.043893  0.055883  0.0  0.0  0.0  0.0  -0.0090724  0.028869  0.01618  -0.0089374  0.0  0.0  0.0  0.0  -0.0057345  0.009951  0.016458  0.0036761  0.0  0.0  0.0  0.0  0.0060148  0.00065816  -0.0011236  -0.00034301  0.0  0.0  0.0  0.0  0.0014249  8.0288e-05  0.0  0.0
1875.0  -0.04516  0.11125  0.0  0.0  -0.072764  0.041159  0.043604  0.056058  0.0  0.0  0.0  0.0  -0.008833  0.029121  0.016442  -0.0090178  0.0  0.0  0.0  0.0  -0.0054538  0.0099494  0.017007  0.0039289  0.0  0.0  0.0  0.0  0.0062644  0.000696  -0.0011927  -0.00037805  0.0  0.0  0.0  0.0  0.0015025  8.6648e-05  0.0  0.0
1880.0  -0.044898  0.10947  0.0  0.0  -0.070058  0.042528  0.043313  0.056171  0.0  0.0  0.0  0.0  -0.0085969  0.029345  0.016697  -0.0091021  0.0  0.0  0.0  0.0  -0.0051609  0.0099485  0.017559  0.0041941  0.0  0.0  0.0  0.0  0.0065182  0.00073514  -0.0012643  -0.00041609  0.0  0.0  0.0  0.0  0.0015826  9.3402e-05  0.0  0.0
1885.0  -0.044592  0.10771  0.0  0.0  -0.067415  0.043913  0.043028  0.056222  0.0  0.0  0.0  0.0  -0.008363  0.029538  0.016947  -0.0091906  0.0  0.0  0.0  0.0  -0.004856  0.0099485  0.018113  0.0044718  0.0  0.0  0.0  0.0  0.0067761  0.00077559  -0.0013386  -0.00045732  0.0  0.0  0.0  0.0  0.0016652  0.00010057  0.0  0.0
1890.0  -0.044246  0.10598  0.0  0.0  -0.064836  0.045308  0.042754  0.056212  0.0  0.0  0.0  0.0  -0.0081299  0.029701  0.017191  -0.0092837  0.0  0.0  0.0  0.0  -0.0045391  0.0099491  0.018668  0.0047621  0.0  0.0  0.0  0.0  0.0070379  0.00081732  -0.0014154  -0.00050193  0.0  0.0  0.0  0.0  0.0017503  0.00010817  0.0  0.0
1895.0  -0.04386  0.10429  0.0  0.0  -0.062319  0.046708  0.042498  0.056142  0.0  0.0  0.0  0.0  -0.0078962  0.029832  0.01743  -0.0093816  0.0  0.0  0.0  0.0  -0.0042105  0.0099502  0.019224  0.005065  0.0  0.0  0.0  0.0  0.0073034  0.00086035  -0.0014949  -0.00055013  0.0  0.0  0.0  0.0  0.0018379  0.00011622  0.0  0.0
1900.0  -0.043437  0.10261  0.0  0.0  -0.059864  0.048106  0.042267  0.056014  0.0  0.0  0.0  0.0  -0.00766  0.029928  0.017664  -0.0094846  0.0  0.0  0.0  0.0  -0.0038702  0.0099519  0.019779  0.0053804  0.0  0.0  0.0  0.0  0.0075726  0.00090466  -0.0015768  -0.00060212  0.0  0.0  0.0  0.0  0.0019281  0.00012475  0.0  0.0
1905.0  -0.042979  0.10097  0.0  0.0  -0.057468  0.049499  0.042066  0.055833  0.0  0.0  0.0  0.0  -0.0074192  0.029991  0.017892  -0.0095928  0.0  0.0  0.0  0.0  -0.0035183  0.0099541  0.020334  0.0057083  0.0  0.0  0.0  0.0  0.0078452  0.00095021  -0.0016613  -0.00065811  0.0  0.0  0.0  0.0  0.0020208  0.00013377  0.0  0.0
1910.0  -0.042487  0.099365  0.0  0.0  -0.055129  0.050881  0.0419  0.055603  0.0  0.0  0.0  0.0  -0.0071717  0.030018  0.018116  -0.0097066  0.0  0.0  0.0  0.0  -0.0031549  0.0099568  0.020887  0.0060487  0.0  0.0  0.0  0.0  0.008121  0.00099698  -0.0017483  -0.00071833  0.0  0.0  0.0  0.0  0.002116  0.00014332  0.0  0.0
1915.0  -0.041965  0.097786  0.0  0.0  -0.052844  0.052249  0.041775  0.05533  0.0  0.0  0.0  0.0  -0.0069152  0.030011  0.018335  -0.0098263  0.0  0.0  0.0  0.0  -0.00278  0.0099599  0.021438  0.0064015  0.0  0.0  0.0  0.0  0.0083998  0.0010449  -0.0018377  -0.00078299  0.0  0.0  0.0  0.0  0.0022138  0.0001534  0.0  0.0
1920.0  -0.041413  0.096238  0.0  0.0  -0.050607  0.053599  0.041692  0.055018  0.0  0.0  0.0  0.0  -0.0066472  0.029969  0.01855  -0.009952  0.0  0.0  0.0  0.0  -0.0023938  0.0099636  0.021987  0.0067665  0.0  0.0  0.0  0.0  0.0086815  0.0010939  -0.0019294  -0.00085234  0.0  0.0  0.0  0.0  0.0023141  0.00016405  0.0  0.0
1925.0  -0.040833  0.094721  0.0  0.0  -0.048416  0.054927  0.041654  0.054674  0.0  0.0  0.0  0.0  -0.0063652  0.029892  0.018759  -0.010084  0.0  0.0  0.0  0.0  -0.0019964  0.009968  0.022533  0.0071437  0.0  0.0  0.0  0.0  0.0089656  0.0011439  -0.0020234  -0.00092661  0.0  0.0  0.0  0.0  0.0024169  0.00017529  0.0  0.0
1930.0  -0.040229  0.093236  0.0  0.0  -0.046266  0.056234  0.041663  0.054304  0.0  0.0  0.0  0.0  -0.006067  0.029781  0.018965  -0.010223  0.0  0.0  0.0  0.0  -0.0015877  0.0099731  0.023075  0.0075328  0.0  0.0  0.0  0.0  0.0092522  0.0011947  -0.0021196  -0.0010061  0.0  0.0  0.0  0.0  0.0025222  0.00018713  0.0  0.0
1935.0  -0.039602  0.091784  0.0  0.0  -0.044153  0.057517  0.041719  0.053913  0.0  0.0  0.0  0.0  -0.0057503  0.029637  0.019166  -0.010369  0.0  0.0  0.0  0.0  -0.0011681  0.009979  0.023612  0.0079338  0.0  0.0  0.0  0.0  0.0095408  0.0012462  -0.002218  -0.0010909  0.0  0.0  0.0  0.0  0.0026299  0.00019959  0.0  0.0
1940.0  -0.038955  0.090363  0.0  0.0  -0.042072  0.058776  0.041823  0.053509  0.0  0.0  0.0  0.0  -0.0054129  0.029463  0.019363  -0.010522  0.0  0.0  0.0  0.0  -0.00073771  0.0099861  0.024145  0.0083464  0.0  0.0  0.0  0.0  0.0098312  0.0012982  -0.0023183  -0.0011814  0.0  0.0  0.0  0.0  0.0027401  0.0002127  0.0  0.0
1945.0  -0.038289  0.088974  0.0  0.0  -0.04002  0.060011  0.041971  0.053095  0.0  0.0  0.0  0.0  -0.0050532  0.029259  0.019557  -0.010682  0.0  0.0  0.0  0.0  -0.00029671  0.0099943  0.024673  0.0087703  0.0  0.0  0.0  0.0  0.010123  0.0013505  -0.0024205  -0.0012779  0.0  0.0  0.0  0.0  0.0028528  0.00022646  0.0  0.0
1950.0  -0.037607  0.087617  0.0  0.0  -0.037993  0.061225  0.042163  0.052678  0.0  0.0  0.0  0.0  -0.0046696  0.029027  0.019746  -0.010851  0.0  0.0  0.0  0.0  0.0001546  0.010004  0.025194  0.0092053  0.0  0.0  0.0  0.0  0.010417  0.0014029  -0.0025244  -0.0013805  0.0  0.0  0.0  0.0  0.0029678  0.00024089  0.0  0.0
1955.0  -0.036911  0.086291  0.0  0.0  -0.035989  0.062417  0.042396  0.052261  0.0  0.0  0.0  0.0  -0.0042608  0.02877  0.019933  -0.011029  0.0  0.0  0.0  0.0  0.00061591  0.010015  0.025709  0.0096512  0.0  0.0  0.0  0.0  0.010712  0.001455  -0.00263  -0.0014897  0.0  0.0  0.0  0.0  0.0030853  0.000256  0.0  0.0
1960.0  -0.036203  0.084995  0.0  0.0  -0.034005  0.063589  0.042667  0.051849  0.0  0.0  0.0  0.0  -0.0038259  0.02849  0.020117  -0.011215  0.0  0.0  0.0  0.0  0.0010869  0.010028  0.026217  0.010107  0.0  0.0  0.0  0.0  0.011007  0.0015065  -0.002737  -0.0016055  0.0  0.0  0.0  0.0  0.0032051  0.00027181  0.0  0.0
1965.0  -0.035486  0.083728  0.0  0.0  -0.032039  0.064744  0.042973  0.051444  0.0  0.0  0.0  0.0  -0.0033644  0.028188  0.020298  -0.011411  0.0  0.0  0.0  0.0  0.0015671  0.010042  0.026718  0.010574  0.0  0.0  0.0  0.0  0.011304  0.0015571  -0.0028452  -0.0017283  0.0  0.0  0.0  0.0  0.0033271  0.0002883  0.0  0.0
1970.0  -0.034759  0.082489  0.0  0.0  -0.03009  0.065883  0.043311  0.05105  0.0  0.0  0.0  0.0  -0.0028758  0.027866  0.020476  -0.011616  0.0  0.0  0.0  0.0  0.0020561  0.010058  0.027211  0.01105  0.0  0.0  0.0  0.0  0.011601  0.0016064  -0.0029546  -0.0018585  0.0  0.0  0.0  0.0  0.0034515  0.0003055  0.0  0.0
1975.0  -0.034026  0.081276  0.0  0.0  -0.028157  0.067009  0.043677  0.050668  0.0  0.0  0.0  0.0  -0.0023602  0.027527  0.020654  -0.011831  0.0  0.0  0.0  0.0  0.0025536  0.010076  0.027695  0.011535  0.0  0.0  0.0  0.0  0.0119  0.001654  -0.003065  -0.0019962  0.0  0.0  0.0  0.0  0.0035781  0.0003234  0.0  0.0
1980.0  -0.033288  0.080089  0.0  0.0  -0.02624  0.068122  0.044068  0.0503  0.0  0.0  0.0  0.0  -0.0018178  0.027172  0.02083  -0.012057  0.0  0.0  0.0  0.0  0.0030591  0.010095  0.028172  0.01203  0.0  0.0  0.0  0.0  0.012198  0.0016995  -0.0031761  -0.0021417  0.0  0.0  0.0  0.0  0.0037069  0.000342  0.0  0.0
1985.0  -0.032545  0.078926  0.0  0.0  -0.024338  0.069225  0.04448  0.049947  0.0  0.0  0.0  0.0  -0.0012487  0.026802  0.021006  -0.012293  0.0  0.0  0.0  0.0  0.0035721  0.010115  0.02864  0.012533  0.0  0.0  0.0  0.0  0.012498  0.0017425  -0.0032877  -0.0022955  0.0  0.0  0.0  0.0  0.0038378  0.0003613  0.0  0.0
1990.0  -0.031799  0.077785  0.0  0.0  -0.022452  0.070318  0.044911  0.049611  0.0  0.0  0.0  0.0  -0.00065361  0.026419  0.021182  -0.01254  0.0  0.0  0.0  0.0  0.0040924  0.010137  0.029099  0.013044  0.0  0.0  0.0  0.0  0.012798  0.0017826  -0.0033996  -0.0024578  0.0  0.0  0.0  0.0  0.0039709  0.00038129  0.0  0.0
1995.0  -0.031049  0.076665  0.0  0.0  -0.020582  0.071404  0.045356  0.04929  0.0  0.0  0.0  0.0  -3.2897e-05  0.026024  0.021359  -0.012798  0.0  0.0  0.0  0.0  0.0046195  0.010159  0.029549  0.013564  0.0  0.0  0.0  0.0  0.013099  0.0018193  -0.0035117  -0.002629  0.0  0.0  0.0  0.0  0.004106  0.00040196  0.0  0.0
2000.0  -0.030297  0.075564  0.0  0.0  -0.018727  0.072482  0.045814  0.048987  0.0  0.0  0.0  0.0  0.00061291  0.025617  0.021538  -0.013067  0.0  0.0  0.0  0.0  0.0051531  0.010182  0.02999  0.014092  0.0  0.0  0.0  0.0  0.013401  0.0018521  -0.0036236  -0.0028095  0.0  0.0  0.0  0.0  0.0042432  0.00042331  0.0  0.0
2005.0  -0.029543  0.074482  0.0  0.0  -0.01689  0.073553  0.046282  0.048699  0.0  0.0  0.0  0.0  0.0012834  0.025199  0.021719  -0.013347  0.0  0.0  0.0  0.0  0.0056929  0.010205  0.030422  0.014627  0.0  0.0  0.0  0.0  0.013704  0.0018807  -0.0037351  -0.0029997  0.0  0.0  0.0  0.0  0.0043824  0.00044532  0.0  0.0
2010.0  -0.028787  0.073416  0.0  0.0  -0.01507  0.074618  0.046756  0.048428  0.0  0.0  0.0  0.0  0.0019782  0.02477  0.021904  -0.013638  0.0  0.0  0.0  0.0  0.0062388  0.010228  0.030845  0.01517  0.0  0.0  0.0  0.0  0.014008  0.0019047  -0.0038458  -0.0032  0.0  0.0  0.0  0.0  0.0045235  0.00046799  0.0  0.0
2015.0  -0.028028  0.072366  0.0  0.0  -0.013267  0.075676  0.047235  0.048172  0.0  0.0  0.0  0.0  0.0026973  0.02433  0.022092  -0.01394  0.0  0.0  0.0  0.0  0.0067907  0.01025  0.031258  0.015721  0.0  0.0  0.0  0.0  0.014315  0.0019237  -0.0039554  -0.003411  0.0  0.0  0.0  0.0  0.0046664  0.00049129  0.0  0.0
2020.0  -0.027267  0.071331  0.0  0.0  -0.011482  0.076727  0.047716  0.047931  0.0  0.0  0.0  0.0  0.0034408  0.023878  0.022285  -0.014253  0.0  0.0  0.0  0.0  0.0073483  0.01027  0.031661  0.016281  0.0  0.0  0.0  0.0  0.014623  0.0019373  -0.0040634  -0.0036331  0.0  0.0  0.0  0.0  0.0048112  0.00051521  0.0  0.0
2025.0  -0.026503  0.07031  0.0  0.0  -0.0097151  0.077771  0.048197  0.047704  0.0  0.0  0.0  0.0  0.0042091  0.023415  0.022483  -0.014577  0.0  0.0  0.0  0.0  0.0079119  0.010289  0.032055  0.016848  0.0  0.0  0.0  0.0  0.014934  0.0019451  -0.0041693  -0.003867  0.0  0.0  0.0  0.0  0.0049578  0.00053973  0.0  0.0
2030.0  -0.025736  0.069302  0.0  0.0  -0.0079653  0.078807  0.048676  0.04749  0.0  0.0  0.0  0.0  0.0050029  0.02294  0.022687  -0.014911  0.0  0.0  0.0  0.0  0.0084815  0.010306  0.032438  0.017423  0.0  0.0  0.0  0.0  0.015247  0.001947  -0.0042725  -0.004113  0.0  0.0  0.0  0.0  0.0051061  0.00056482  0.0  0.0
2035.0  -0.024966  0.068307  0.0  0.0  -0.0062328  0.079836  0.049151  0.047288  0.0  0.0  0.0  0.0  0.0058232  0.022453  0.022897  -0.015256  0.0  0.0  0.0  0.0  0.0090572  0.01032  0.03281  0.018008  0.0  0.0  0.0  0.0  0.015564  0.0019426  -0.0043723  -0.0043719  0.0  0.0  0.0  0.0  0.005256  0.00059046  0.0  0.0
2040.0  -0.024193  0.067324  0.0  0.0  -0.004517  0.080858  0.049621  0.047096  0.0  0.0  0.0  0.0  0.0066714  0.021954  0.023115  -0.01561  0.0  0.0  0.0  0.0  0.0096393  0.010331  0.03317  0.018601  0.0  0.0  0.0  0.0  0.015884  0.0019316  -0.0044679  -0.0046442  0.0  0.0  0.0  0.0  0.0054075  0.00061663  0.0  0.0
2045.0  -0.023416  0.066353  0.0  0.0  -0.0028172  0.081871  0.050084  0.046913  0.0  0.0  0.0  0.0  0.007549  0.021442  0.023341  -0.015974  0.0  0.0  0.0  0.0  0.010228  0.010338  0.033518  0.019203  0.0  0.0  0.0  0.0  0.016208  0.0019141  -0.0045583  -0.0049303  0.0  0.0  0.0  0.0  0.0055606  0.00064327  0.0  0.0
2050.0  -0.022634  0.065393  0.0  0.0  -0.0011326  0.082875  0.050539  0.046737  0.0  0.0  0.0  0.0  0.0084582  0.020919  0.023575  -0.016347  0.0  0.0  0.0  0.0  0.010824  0.010341  0.033852  0.019815  0.0  0.0  0.0  0.0  0.016538  0.0018898  -0.0046424  -0.0052309  0.0  0.0  0.0  0.0  0.0057151  0.00067036  0.0  0.0
2055.0  -0.021849  0.064444  0.0  0.0  0.00053774  0.083872  0.050986  0.046567  0.0  0.0  0.0  0.0  0.009401  0.020384  0.023818  -0.016729  0.0  0.0  0.0  0.0  0.011428  0.010341  0.034172  0.020436  0.0  0.0  0.0  0.0  0.016872  0.0018588  -0.004719  -0.0055463  0.0  0.0  0.0  0.0  0.0058709  0.00069785  0.0  0.0
2060.0  -0.021059  0.063506  0.0  0.0  0.0021948  0.084862  0.051422  0.046401  0.0  0.0  0.0  0.0  0.01038  0.019839  0.02407  -0.017119  0.0  0.0  0.0  0.0  0.01204  0.010336  0.034476  0.021066  0.0  0.0  0.0  0.0  0.017213  0.0018209  -0.0047867  -0.0058767  0.0  0.0  0.0  0.0  0.0060281  0.00072569  0.0  0.0
2065.0  -0.020264  0.062579  0.0  0.0  0.0038396  0.085844  0.051849  0.046236  0.0  0.0  0.0  0.0  0.011397  0.019285  0.024332  -0.017517  0.0  0.0  0.0  0.0  0.012661  0.010326  0.034762  0.021705  0.0  0.0  0.0  0.0  0.01756  0.0017765  -0.004844  -0.0062225  0.0  0.0  0.0  0.0  0.0061864  0.0007538  0.0  0.0
2070.0  -0.019465  0.061663  0.0  0.0  0.0054729  0.086819  0.052266  0.046071  0.0  0.0  0.0  0.0  0.012455  0.018724  0.024605  -0.017922  0.0  0.0  0.0  0.0  0.013291  0.010313  0.03503  0.022352  0.0  0.0  0.0  0.0  0.017914  0.0017254  -0.0048891  -0.0065834  0.0  0.0  0.0  0.0  0.0063459  0.00078214  0.0  0.0
2075.0  -0.018661  0.060758  0.0  0.0  0.0070958  0.08779  0.052673  0.045904  0.0  0.0  0.0  0.0  0.013557  0.018159  0.024888  -0.018335  0.0  0.0  0.0  0.0  0.013932  0.010294  0.035277  0.023007  0.0  0.0  0.0  0.0  0.018275  0.001668  -0.0049205  -0.0069594  0.0  0.0  0.0  0.0  0.0065064  0.0008106  0.0  0.0
2080.0  -0.017852  0.059864  0.0  0.0  0.0087087  0.088756  0.053072  0.045734  0.0  0.0  0.0  0.0  0.014705  0.017592  0.025183  -0.018754  0.0  0.0  0.0  0.0  0.014583  0.010272  0.035503  0.023669  0.0  0.0  0.0  0.0  0.018645  0.0016045  -0.0049361  -0.0073499  0.0  0.0  0.0  0.0  0.0066679  0.00083911  0.0  0.0
2085.0  -0.017039  0.058981  0.0  0.0  0.010312  0.08972  0.053462  0.045559  0.0  0.0  0.0  0.0  0.015901  0.017027  0.025489  -0.01918  0.0  0.0  0.0  0.0  0.015245  0.010247  0.035705  0.024336  0.0  0.0  0.0  0.0  0.019023  0.0015352  -0.0049342  -0.0077541  0.0  0.0  0.0  0.0  0.0068301  0.00086756  0.0  0.0
2090.0  -0.016221  0.058109  0.0  0.0  0.011906  0.090683  0.053846  0.045377  0.0  0.0  0.0  0.0  0.017145  0.016469  0.025807  -0.019612  0.0  0.0  0.0  0.0  0.015919  0.010217  0.035883  0.025007  0.0  0.0  0.0  0.0  0.019409  0.0014603  -0.0049128  -0.008171  0.0  0.0  0.0  0.0  0.0069932  0.00089583  0.0  0.0
2095.0  -0.015399  0.057248  0.0  0.0  0.013491  0.091646  0.054225  0.045188  0.0  0.0  0.0  0.0  0.018441  0.015921  0.026137  -0.020049  0.0  0.0  0.0  0.0  0.016604  0.010185  0.036034  0.02568  0.0  0.0  0.0  0.0  0.019805  0.0013804  -0.0048702  -0.0085991  0.0  0.0  0.0  0.0  0.0071569  0.00092379  0.0  0.0
2100.0  -0.014572  0.056399  0.0  0.0  0.015065  0.092613  0.0546  0.044992  0.0  0.0  0.0  0.0  0.019788  0.015388  0.02648  -0.020491  0.0  0.0  0.0  0.0  0.017303  0.010151  0.036159  0.026352  0.0  0.0  0.0  0.0  0.020211  0.0012957  -0.0048047  -0.0090367  0.0  0.0  0.0  0.0  0.0073213  0.00095128  0.0  0.0
2105.0  -0.013742  0.055562  0.0  0.0  0.016629  0.093583  0.054972  0.044788  0.0  0.0  0.0  0.0  0.021186  0.014875  0.026836  -0.020937  0.0  0.0  0.0  0.0  0.018014  0.010116  0.036255  0.027023  0.0  0.0  0.0  0.0  0.020626  0.0012068  -0.0047149  -0.0094818  0.0  0.0  0.0  0.0  0.0074861  0.00097815  0.0  0.0
2110.0  -0.012909  0.054736  0.0  0.0  0.01818  0.094559  0.055343  0.044577  0.0  0.0  0.0  0.0  0.022636  0.014387  0.027206  -0.021388  0.0  0.0  0.0  0.0  0.018739  0.010079  0.036323  0.027688  0.0  0.0  0.0  0.0  0.021051  0.001114  -0.0045997  -0.009932  0.0  0.0  0.0  0.0  0.0076514  0.0010042  0.0  0.0
2115.0  -0.012073  0.053921  0.0  0.0  0.019716  0.095542  0.055715  0.044358  0.0  0.0  0.0  0.0  0.024135  0.01393  0.027589  -0.021842  0.0  0.0  0.0  0.0  0.019477  0.010042  0.036362  0.028346  0.0  0.0  0.0  0.0  0.021488  0.0010178  -0.0044583  -0.010385  0.0  0.0  0.0  0.0  0.0078172  0.0010292  0.0  0.0
2120.0  -0.011235  0.053118  0.0  0.0  0.021237  0.096533  0.056087  0.044133  0.0  0.0  0.0  0.0  0.025682  0.013508  0.027987  -0.022299  0.0  0.0  0.0  0.0  0.020228  0.010006  0.036373  0.028993  0.0  0.0  0.0  0.0  0.021934  0.00091884  -0.0042903  -0.010838  0.0  0.0  0.0  0.0  0.0079832  0.001053  0.0  0.0
2125.0  -0.010396  0.052326  0.0  0.0  0.022738  0.097532  0.056461  0.043903  0.0  0.0  0.0  0.0  0.027275  0.013127  0.0284  -0.022759  0.0  0.0  0.0  0.0  0.020992  0.0099714  0.036355  0.029627  0.0  0.0  0.0  0.0  0.022392  0.00081755  -0.0040957  -0.011287  0.0  0.0  0.0  0.0  0.0081497  0.0010753  0.0  0.0
2130.0  -0.0095553  0.051546  0.0  0.0  0.024219  0.098541  0.056838  0.043668  0.0  0.0  0.0  0.0  0.028909  0.012792  0.028828  -0.02322  0.0  0.0  0.0  0.0  0.021769  0.0099388  0.036311  0.030244  0.0  0.0  0.0  0.0  0.022861  0.00071452  -0.0038752  -0.011731  0.0  0.0  0.0  0.0  0.0083165  0.0010959  0.0  0.0
2135.0  -0.0087147  0.050776  0.0  0.0  0.025675  0.099557  0.057217  0.043429  0.0  0.0  0.0  0.0  0.030583  0.012507  0.029272  -0.023682  0.0  0.0  0.0  0.0  0.022559  0.009909  0.036241  0.030842  0.0  0.0  0.0  0.0  0.02334  0.0006103  -0.0036298  -0.012167  0.0  0.0  0.0  0.0  0.0084838  0.0011145  0.0  0.0
2140.0  -0.0078747  0.050016  0.0  0.0  0.027105  0.10058  0.057598  0.043187  0.0  0.0  0.0  0.0  0.03229  0.012276  0.029731  -0.024145  0.0  0.0  0.0  0.0  0.023361  0.0098827  0.036147  0.031419  0.0  0.0  0.0  0.0  0.023831  0.00050549  -0.0033608  -0.012592  0.0  0.0  0.0  0.0  0.0086516  0.0011308  0.0  0.0
2145.0  -0.0070357  0.049266  0.0  0.0  0.028505  0.10161  0.057982  0.042943  0.0  0.0  0.0  0.0  0.034026  0.012103  0.030208  -0.024606  0.0  0.0  0.0  0.0  0.024175  0.0098606  0.036033  0.031971  0.0  0.0  0.0  0.0  0.024333  0.00040066  -0.00307  -0.013004  0.0  0.0  0.0  0.0  0.00882  0.0011447  0.0  0.0
2150.0  -0.0061985  0.048525  0.0  0.0  0.029874  0.10264  0.058368  0.042697  0.0  0.0  0.0  0.0  0.035786  0.011992  0.0307  -0.025064  0.0  0.0  0.0  0.0  0.025  0.0098432  0.035899  0.032497  0.0  0.0  0.0  0.0  0.024845  0.0002964  -0.0027597  -0.013402  0.0  0.0  0.0  0.0  0.0089893  0.0011557  0.0  0.0
2155.0  -0.0053634  0.047792  0.0  0.0  0.03121  0.10367  0.058755  0.04245  0.0  0.0  0.0  0.0  0.037563  0.011944  0.03121  -0.025519  0.0  0.0  0.0  0.0  0.025836  0.009831  0.03575  0.032996  0.0  0.0  0.0  0.0  0.025368  0.00019327  -0.0024321  -0.013783  0.0  0.0  0.0  0.0  0.0091595  0.0011637  0.0  0.0
2160.0  -0.0045308  0.047065  0.0  0.0  0.032512  0.1047  0.059142  0.042202  0.0  0.0  0.0  0.0  0.03935  0.011962  0.031735  -0.02597  0.0  0.0  0.0  0.0  0.026682  0.0098243  0.035589  0.033466  0.0  0.0  0.0  0.0  0.025902  9.1802e-05  -0.0020897  -0.014148  0.0  0.0  0.0  0.0  0.0093309  0.0011686  0.0  0.0
2165.0  -0.0037008  0.046345  0.0  0.0  0.033779  0.10572  0.059529  0.041953  0.0  0.0  0.0  0.0  0.041143  0.012045  0.032277  -0.026414  0.0  0.0  0.0  0.0  0.027537  0.0098235  0.035418  0.033907  0.0  0.0  0.0  0.0  0.026446  -7.503e-06  -0.0017349  -0.014496  0.0  0.0  0.0  0.0  0.0095038  0.00117  0.0  0.0
2170.0  -0.0028735  0.04563  0.0  0.0  0.035011  0.10673  0.059917  0.041702  0.0  0.0  0.0  0.0  0.042932  0.012195  0.032834  -0.026851  0.0  0.0  0.0  0.0  0.0284  0.0098288  0.035241  0.034318  0.0  0.0  0.0  0.0  0.026999  -0.0001042  -0.0013702  -0.014827  0.0  0.0  0.0  0.0  0.0096785  0.0011678  0.0  0.0
2175.0  -0.0020488  0.044918  0.0  0.0  0.036209  0.10773  0.060304  0.04145  0.0  0.0  0.0  0.0  0.044714  0.012409  0.033405  -0.027279  0.0  0.0  0.0  0.0  0.029272  0.0098403  0.035062  0.0347  0.0  0.0  0.0  0.0  0.027562  -0.0001979  -0.00099765  -0.01514  0.0  0.0  0.0  0.0  0.0098553  0.001162  0.0  0.0
2180.0  -0.0012262  0.044209  0.0  0.0  0.037375  0.10871  0.06069  0.041196  0.0  0.0  0.0  0.0  0.04648  0.012687  0.03399  -0.027698  0.0  0.0  0.0  0.0  0.03015  0.0098579  0.034883  0.035053  0.0  0.0  0.0  0.0  0.028133  -0.00028827  -0.00061943  -0.015438  0.0  0.0  0.0  0.0  0.010034  0.0011524  0.0  0.0
2185.0  -0.00040524  0.043501  0.0  0.0  0.038512  0.10967  0.061075  0.040939  0.0  0.0  0.0  0.0  0.048225  0.013025  0.034586  -0.028106  0.0  0.0  0.0  0.0  0.031035  0.0098816  0.034708  0.035379  0.0  0.0  0.0  0.0  0.028713  -0.00037507  -0.00023722  -0.015721  0.0  0.0  0.0  0.0  0.010216  0.0011391  0.0  0.0
2190.0  0.00041479  0.042794  0.0  0.0  0.039622  0.11061  0.06146  0.04068  0.0  0.0  0.0  0.0  0.049942  0.013421  0.035193  -0.028503  0.0  0.0  0.0  0.0  0.031925  0.0099111  0.034539  0.035679  0.0  0.0  0.0  0.0  0.029301  -0.00045811  0.00014754  -0.015991  0.0  0.0  0.0  0.0  0.010401  0.001122  0.0  0.0
2195.0  0.0012348  0.042086  0.0  0.0  0.040709  0.11152  0.061845  0.040417  0.0  0.0  0.0  0.0  0.051628  0.013869  0.03581  -0.028889  0.0  0.0  0.0  0.0  0.032821  0.0099462  0.03438  0.035955  0.0  0.0  0.0  0.0  0.029897  -0.00053728  0.00053373  -0.016248  0.0  0.0  0.0  0.0  0.01059  0.0011013  0.0  0.0
2200.0  0.0020557  0.041378  0.0  0.0  0.041777  0.11241  0.06223  0.040152  0.0  0.0  0.0  0.0  0.053278  0.014366  0.036433  -0.029263  0.0  0.0  0.0  0.0  0.033721  0.0099865  0.034232  0.03621  0.0  0.0  0.0  0.0  0.030499  -0.00061253  0.00092059  -0.016495  0.0  0.0  0.0  0.0  0.010782  0.001077  0.0  0.0
