Achilles
MINERvA Flux
units: v/m^2/POT/500MeV
  lower edge      upper edge   value                    error
  0.0             0.5          1.18001e-06              1.94264e-07  
  0.5             1.0          1.70358e-06              2.68800e-07 
  1.0             1.5          1.67247e-06              2.38751e-07 
  1.5             2.0          1.76800e-06              2.24363e-07 
  2.0             2.5          1.77342e-06              2.12639e-07 
  2.5             3.0          1.78248e-06              2.01814e-07 
  3.0             3.5          1.70537e-06              1.87307e-07 
  3.5             4.0          1.61004e-06              1.81868e-07 
  4.0             4.5          1.46013e-06              1.87451e-07 
  4.5             5.0          1.34207e-06              1.80880e-07 
  5.0             5.5          1.29089e-06              1.56444e-07 
  5.5             6.0          1.24436e-06              1.31195e-07 
  6.0             6.5          1.20582e-06              1.17654e-07 
  6.5             7.0          1.12898e-06              1.05046e-07 
  7.0             7.5          1.06604e-06              9.76150e-08 
  7.5             8.0          9.72489e-07              8.76929e-08 
  8.0             8.5          9.11417e-07              8.32010e-08 
  8.5             9.0          8.19305e-07              7.46653e-08 
  9.0             9.5          7.40326e-07              6.63992e-08 
  9.5             10.0         6.76320e-07              5.94021e-08 
  10.0            10.5         6.16516e-07              5.44525e-08 
  10.5            11.0         5.54209e-07              4.98387e-08 
  11.0            11.5         5.10262e-07              4.43732e-08 
  11.5            12.0         4.52763e-07              4.02769e-08 
  12.0            12.5         4.10963e-07              3.61362e-08 
  12.5            13.0         3.73273e-07              3.14662e-08 
  13.0            13.5         3.37387e-07              2.93166e-08 
  13.5            14.0         3.03872e-07              2.71118e-08 
  14.0            14.5         2.71809e-07              2.38397e-08 
  14.5            15.0         2.39525e-07              2.24134e-08 
  15.0            15.5         2.19168e-07              1.98656e-08 
  15.5            16.0         1.95296e-07              1.81378e-08 
  16.0            16.5         1.76950e-07              1.56886e-08 
  16.5            17.0         1.61226e-07              1.54827e-08 
  17.0            17.5         1.45433e-07              1.40377e-08 
  17.5            18.0         1.25517e-07              1.28860e-08 
  18.0            18.5         1.16903e-07              1.19717e-08 
  18.5            19.0         1.08555e-07              1.14077e-08 
  19.0            19.5         9.49622e-08              1.02152e-08 
  19.5            20.0         8.71153e-08              1.02646e-08 
  20.0            20.5         8.08685e-08              1.01064e-08 
  20.5            21.0         7.03825e-08              8.76583e-09 
  21.0            21.5         6.28248e-08              8.14561e-09 
  21.5            22.0         5.86383e-08              8.20225e-09 
  22.0            22.5         5.29007e-08              8.07607e-09 
  22.5            23.0         4.61846e-08              7.22005e-09 
  23.0            23.5         4.34702e-08              7.18403e-09 
  23.5            24.0         4.04942e-08              6.77416e-09 
  24.0            24.5         3.66842e-08              7.39901e-09 
  24.5            25.0         3.30834e-08              6.65829e-09 
  25.0            25.5         3.11727e-08              6.55121e-09 
  25.5            26.0         2.67126e-08              6.11115e-09 
  26.0            26.5         2.45618e-08              5.36819e-09 
  26.5            27.0         2.31200e-08              4.61553e-09 
  27.0            27.5         2.09426e-08              4.17559e-09 
  27.5            28.0         2.00144e-08              3.80581e-09 
  28.0            28.5         1.83736e-08              3.43093e-09 
  28.5            29.0         1.73779e-08              3.11052e-09 
  29.0            29.5         1.57021e-08              2.70140e-09 
  29.5            30.0         1.50053e-08              2.68677e-09 
  30.0            30.5         1.39086e-08              2.14920e-09 
  30.5            31.0         1.29454e-08              1.95167e-09 
  31.0            31.5         1.24031e-08              1.94913e-09 
  31.5            32.0         1.13694e-08              1.78173e-09 
  32.0            32.5         1.04600e-08              1.57657e-09 
  32.5            33.0         1.04880e-08              1.58030e-09 
  33.0            33.5         1.01671e-08              1.52007e-09 
  33.5            34.0         8.65235e-09              1.28064e-09 
  34.0            34.5         7.97364e-09              1.23990e-09 
  34.5            35.0         8.63543e-09              1.36778e-09 
  35.0            35.5         7.03883e-09              1.13791e-09 
  35.5            36.0         7.32776e-09              1.20935e-09 
  36.0            36.5         6.83083e-09              1.13860e-09 
  36.5            37.0         9.33398e-09              3.30772e-09 
  37.0            37.5         6.04794e-09              9.89075e-10 
  37.5            38.0         5.79274e-09              1.06780e-09 
  38.0            38.5         5.29108e-09              1.00671e-09 
  38.5            39.0         4.45162e-09              9.31805e-10 
  39.0            39.5         4.51514e-09              1.08804e-09 
  39.5            40.0         3.60658e-09              9.16457e-10 
  40.0            40.5         3.96321e-09              1.06598e-09 
  40.5            41.0         3.37285e-09              8.78768e-10 
  41.0            41.5         3.41973e-09              9.26846e-10 
  41.5            42.0         3.36851e-09              9.22602e-10 
  42.0            42.5         2.85991e-09              7.94956e-10 
  42.5            43.0         2.91622e-09              8.03336e-10 
  43.0            43.5         2.82890e-09              7.76776e-10 
  43.5            44.0         2.61770e-09              6.62834e-10 
  44.0            44.5         2.88349e-09              8.36046e-10 
  44.5            45.0         2.53547e-09              6.81862e-10 
  45.0            45.5         2.19857e-09              6.23487e-10 
  45.5            46.0         2.36423e-09              6.59134e-10 
  46.0            46.5         2.24046e-09              6.15072e-10 
  46.5            47.0         2.30500e-09              6.44163e-10 
  47.0            47.5         2.12155e-09              5.84486e-10 
  47.5            48.0         2.09673e-09              5.25568e-10 
  48.0            48.5         1.91884e-09              5.29400e-10 
  48.5            49.0         2.01021e-09              5.03176e-10 
  49.0            49.5         1.82269e-09              4.54676e-10 
  49.5            50.0         1.53807e-09              3.75316e-10 
  50.0            50.5         1.60690e-09              3.98539e-10 
  50.5            51.0         1.35921e-09              3.17496e-10 
  51.0            51.5         1.44260e-09              3.48040e-10 
  51.5            52.0         1.22860e-09              2.91386e-10 
  52.0            52.5         1.45636e-09              3.52078e-10 
  52.5            53.0         1.22315e-09              3.03116e-10 
  53.0            53.5         1.32124e-09              3.28629e-10 
  53.5            54.0         1.18907e-09              2.75232e-10 
  54.0            54.5         1.01884e-09              2.48173e-10 
  54.5            55.0         1.15272e-09              2.72485e-10 
  55.0            55.5         8.69833e-10              2.20186e-10 
  55.5            56.0         8.34733e-10              2.36734e-10 
  56.0            56.5         6.82615e-10              2.01204e-10 
  56.5            57.0         6.97644e-10              2.13572e-10 
  57.0            57.5         6.66361e-10              2.20528e-10 
  57.5            58.0         7.15068e-10              2.29691e-10 
  58.0            58.5         6.10581e-10              2.20679e-10 
  58.5            59.0         5.19174e-10              1.80766e-10 
  59.0            59.5         8.68696e-10              2.42870e-10 
  59.5            60.0         4.78149e-10              1.65725e-10 
  60.0            60.5         4.47694e-10              1.55664e-10 
  60.5            61.0         4.52018e-10              1.65196e-10 
  61.0            61.5         4.10329e-10              1.51155e-10 
  61.5            62.0         2.61847e-10              9.55755e-11 
  62.0            62.5         3.67987e-10              1.33687e-10 
  62.5            63.0         3.45309e-10              1.11147e-10 
  63.0            63.5         2.51598e-10              9.41893e-11 
  63.5            64.0         2.54640e-10              8.29054e-11 
  64.0            64.5         2.13141e-10              6.83367e-11 
  64.5            65.0         2.45878e-10              8.32545e-11 
  65.0            65.5         3.80920e-10              1.37888e-10 
  65.5            66.0         2.82933e-10              9.01739e-11 
  66.0            66.5         1.92922e-10              6.78915e-11 
  66.5            67.0         2.30176e-10              8.64109e-11 
  67.0            67.5         1.76620e-10              6.51495e-11 
  67.5            68.0         1.41891e-10              5.12589e-11 
  68.0            68.5         1.06594e-10              3.89190e-11 
  68.5            69.0         1.21770e-10              3.76724e-11 
  69.0            69.5         1.69524e-10              6.30918e-11 
  69.5            70.0         8.08563e-11              2.70502e-11 
  70.0            70.5         1.62434e-10              5.55174e-11 
  70.5            71.0         1.03901e-10              3.23664e-11 
  71.0            71.5         9.21105e-11              3.22676e-11 
  71.5            72.0         1.41575e-10              5.95713e-11 
  72.0            72.5         1.14485e-10              6.90750e-11 
  72.5            73.0         1.53919e-10              6.47799e-11 
  73.0            73.5         7.71236e-11              3.67343e-11 
  73.5            74.0         5.28933e-11              2.03589e-11 
  74.0            74.5         1.26048e-10              7.76323e-11 
  74.5            75.0         9.94781e-11              4.37289e-11 
  75.0            75.5         7.36464e-11              3.79665e-11 
  75.5            76.0         2.79130e-11              1.05330e-11 
  76.0            76.5         3.28362e-11              9.65978e-12 
  76.5            77.0         8.01253e-11              6.28811e-11 
  77.0            77.5         6.48770e-11              6.17999e-11 
  77.5            78.0         5.62119e-11              6.29927e-11 
  78.0            78.5         4.21734e-11              6.15954e-11 
  78.5            79.0         7.12872e-12              2.51560e-12 
  79.0            79.5         1.41892e-11              6.36894e-12 
  79.5            80.0         3.56471e-11              1.08226e-11 
  80.0            80.5         7.22127e-12              2.69593e-12 
  80.5            81.0         0.00000e+00              0.00000e+00 
  81.0            81.5         7.27701e-12              2.72568e-12 
  81.5            82.0         0.00000e+00              0.00000e+00 
  82.0            82.5         0.00000e+00              0.00000e+00 
  82.5            83.0         7.03700e-12              2.66166e-12 
  83.0            83.5         7.08305e-12              2.65303e-12 
  83.5            84.0         0.00000e+00              0.00000e+00 
  84.0            84.5         6.98071e-12              2.61470e-12 
  84.5            85.0         0.00000e+00              0.00000e+00 
  85.0            85.5         0.00000e+00              0.00000e+00 
  85.5            86.0         6.75809e-12              2.49937e-12 
  86.0            86.5         0.00000e+00              0.00000e+00 
  86.5            87.0         6.68455e-12              2.47217e-12 
  87.0            87.5         0.00000e+00              0.00000e+00 
  87.5            88.0         0.00000e+00              0.00000e+00 
  88.0            88.5         1.33391e-11              4.99632e-12 
  88.5            89.0         0.00000e+00              0.00000e+00 
  89.0            89.5         0.00000e+00              0.00000e+00 
  89.5            90.0         0.00000e+00              0.00000e+00 
  90.0            90.5         0.00000e+00              0.00000e+00 
  90.5            91.0         0.00000e+00              0.00000e+00 
  91.0            91.5         0.00000e+00              0.00000e+00 
  91.5            92.0         0.00000e+00              0.00000e+00 
  92.0            92.5         0.00000e+00              0.00000e+00 
  92.5            93.0         0.00000e+00              0.00000e+00 
  93.0            93.5         0.00000e+00              0.00000e+00 
  93.5            94.0         0.00000e+00              0.00000e+00 
  94.0            94.5         0.00000e+00              0.00000e+00 
  94.5            95.0         0.00000e+00              0.00000e+00 
  95.0            95.5         0.00000e+00              0.00000e+00 
  95.5            96.0         0.00000e+00              0.00000e+00 
  96.0            96.5         0.00000e+00              0.00000e+00 
  96.5            97.0         0.00000e+00              0.00000e+00 
  97.0            97.5         0.00000e+00              0.00000e+00 
  97.5            98.0         0.00000e+00              0.00000e+00 
  98.0            98.5         0.00000e+00              0.00000e+00 
  98.5            99.0         0.00000e+00              0.00000e+00 
  99.0            99.5         0.00000e+00              0.00000e+00 
  99.5           100.0         0.00000e+00              0.00000e+00
