#40Ar_p

#

#R = radius in fm
#RHORP = proton density in 1/fm**3
#DRHORP = Monte Carlo error (1 sigma)

#Normalization
#4*PI*TOTINT(RHORP*R**2:R) =  Z

#rms radii
#
 
#   R      RHORP    DRHORP
# *****  ********  ********
0.000000 0.115707  0.0
0.050000 0.115707  0.0
0.059960 0.115680  0.0
0.069920 0.115638  0.0
0.079880 0.115599  0.0
0.089840 0.115545  0.0
0.099800 0.115496  0.0
0.109760 0.115430  0.0
0.119720 0.115369  0.0
0.129680 0.115293  0.0
0.139640 0.115220  0.0
0.149600 0.115133  0.0
0.159560 0.115049  0.0
0.169520 0.114950  0.0
0.179479 0.114856  0.0
0.189439 0.114747  0.0
0.199399 0.114641  0.0
0.209359 0.114521  0.0
0.219319 0.114405  0.0
0.229279 0.114275  0.0
0.239239 0.114148  0.0
0.249199 0.114007  0.0
0.259159 0.113870  0.0
0.269119 0.113720  0.0
0.279079 0.113572  0.0
0.289039 0.113412  0.0
0.298999 0.113255  0.0
0.308959 0.113085  0.0
0.318919 0.112918  0.0
0.328879 0.112739  0.0
0.338839 0.112563  0.0
0.348799 0.112375  0.0
0.358759 0.112190  0.0
0.368719 0.111993  0.0
0.378679 0.111799  0.0
0.388639 0.111593  0.0
0.398599 0.111391  0.0
0.408559 0.111177  0.0
0.418519 0.110966  0.0
0.428478 0.110745  0.0
0.438438 0.110526  0.0
0.448398 0.110297  0.0
0.458358 0.110071  0.0
0.468318 0.109835  0.0
0.478278 0.109602  0.0
0.488238 0.109359  0.0
0.498198 0.109118  0.0
0.508158 0.108869  0.0
0.518118 0.108622  0.0
0.528078 0.108367  0.0
0.538038 0.108114  0.0
0.547998 0.107853  0.0
0.557958 0.107594  0.0
0.567918 0.107327  0.0
0.577878 0.107063  0.0
0.587838 0.106792  0.0
0.597798 0.106522  0.0
0.607758 0.106246  0.0
0.617718 0.105972  0.0
0.627678 0.105692  0.0
0.637638 0.105414  0.0
0.647598 0.105129  0.0
0.657558 0.104848  0.0
0.667518 0.104560  0.0
0.677477 0.104274  0.0
0.687437 0.103984  0.0
0.697397 0.103695  0.0
0.707357 0.103402  0.0
0.717317 0.103111  0.0
0.727277 0.102815  0.0
0.737237 0.102521  0.0
0.747197 0.102224  0.0
0.757157 0.101929  0.0
0.767117 0.101629  0.0
0.777077 0.101333  0.0
0.787037 0.101032  0.0
0.796997 0.100735  0.0
0.806957 0.100434  0.0
0.816917 0.100135  0.0
0.826877 0.099834  0.0
0.836837 0.099535  0.0
0.846797 0.099234  0.0
0.856757 0.098935  0.0
0.866717 0.098634  0.0
0.876677 0.098335  0.0
0.886637 0.098035  0.0
0.896597 0.097738  0.0
0.906557 0.097439  0.0
0.916517 0.097142  0.0
0.926476 0.096844  0.0
0.936436 0.096550  0.0
0.946396 0.096254  0.0
0.956356 0.095961  0.0
0.966316 0.095667  0.0
0.976276 0.095376  0.0
0.986236 0.095085  0.0
0.996196 0.094796  0.0
1.006156 0.094508  0.0
1.016116 0.094222  0.0
1.026076 0.093937  0.0
1.036036 0.093654  0.0
1.045996 0.093372  0.0
1.055956 0.093093  0.0
1.065916 0.092814  0.0
1.075876 0.092539  0.0
1.085836 0.092264  0.0
1.095796 0.091992  0.0
1.105756 0.091722  0.0
1.115716 0.091454  0.0
1.125676 0.091188  0.0
1.135636 0.090925  0.0
1.145596 0.090664  0.0
1.155556 0.090405  0.0
1.165516 0.090148  0.0
1.175475 0.089895  0.0
1.185435 0.089643  0.0
1.195395 0.089394  0.0
1.205355 0.089148  0.0
1.215315 0.088904  0.0
1.225275 0.088663  0.0
1.235235 0.088425  0.0
1.245195 0.088189  0.0
1.255155 0.087956  0.0
1.265115 0.087726  0.0
1.275075 0.087499  0.0
1.285035 0.087275  0.0
1.294995 0.087053  0.0
1.304955 0.086835  0.0
1.314915 0.086619  0.0
1.324875 0.086407  0.0
1.334835 0.086197  0.0
1.344795 0.085990  0.0
1.354755 0.085786  0.0
1.364715 0.085586  0.0
1.374675 0.085388  0.0
1.384635 0.085194  0.0
1.394595 0.085002  0.0
1.404555 0.084813  0.0
1.414515 0.084628  0.0
1.424474 0.084445  0.0
1.434434 0.084265  0.0
1.444394 0.084089  0.0
1.454354 0.083915  0.0
1.464314 0.083745  0.0
1.474274 0.083577  0.0
1.484234 0.083413  0.0
1.494194 0.083251  0.0
1.504154 0.083093  0.0
1.514114 0.082937  0.0
1.524074 0.082784  0.0
1.534034 0.082634  0.0
1.543994 0.082487  0.0
1.553954 0.082342  0.0
1.563914 0.082201  0.0
1.573874 0.082062  0.0
1.583834 0.081927  0.0
1.593794 0.081793  0.0
1.603754 0.081663  0.0
1.613714 0.081534  0.0
1.623674 0.081409  0.0
1.633634 0.081286  0.0
1.643594 0.081166  0.0
1.653554 0.081047  0.0
1.663514 0.080932  0.0
1.673473 0.080818  0.0
1.683433 0.080708  0.0
1.693393 0.080598  0.0
1.703353 0.080493  0.0
1.713313 0.080388  0.0
1.723273 0.080286  0.0
1.733233 0.080185  0.0
1.743193 0.080088  0.0
1.753153 0.079990  0.0
1.763113 0.079897  0.0
1.773073 0.079803  0.0
1.783033 0.079713  0.0
1.792993 0.079623  0.0
1.802953 0.079536  0.0
1.812913 0.079449  0.0
1.822873 0.079365  0.0
1.832833 0.079280  0.0
1.842793 0.079200  0.0
1.852753 0.079117  0.0
1.862713 0.079039  0.0
1.872673 0.078959  0.0
1.882633 0.078883  0.0
1.892593 0.078805  0.0
1.902553 0.078731  0.0
1.912513 0.078655  0.0
1.922472 0.078582  0.0
1.932432 0.078507  0.0
1.942392 0.078436  0.0
1.952352 0.078362  0.0
1.962312 0.078291  0.0
1.972272 0.078218  0.0
1.982232 0.078148  0.0
1.992192 0.078075  0.0
2.002152 0.078006  0.0
2.012112 0.077933  0.0
2.022072 0.077864  0.0
2.032032 0.077791  0.0
2.041992 0.077721  0.0
2.051952 0.077648  0.0
2.061912 0.077577  0.0
2.071872 0.077503  0.0
2.081832 0.077432  0.0
2.091792 0.077356  0.0
2.101752 0.077284  0.0
2.111712 0.077207  0.0
2.121672 0.077133  0.0
2.131632 0.077054  0.0
2.141592 0.076978  0.0
2.151552 0.076897  0.0
2.161512 0.076819  0.0
2.171471 0.076735  0.0
2.181431 0.076655  0.0
2.191391 0.076568  0.0
2.201351 0.076485  0.0
2.211311 0.076396  0.0
2.221271 0.076309  0.0
2.231231 0.076216  0.0
2.241191 0.076127  0.0
2.251151 0.076030  0.0
2.261111 0.075937  0.0
2.271071 0.075837  0.0
2.281031 0.075740  0.0
2.290991 0.075635  0.0
2.300951 0.075534  0.0
2.310911 0.075425  0.0
2.320871 0.075319  0.0
2.330831 0.075205  0.0
2.340791 0.075095  0.0
2.350751 0.074976  0.0
2.360711 0.074860  0.0
2.370671 0.074737  0.0
2.380631 0.074616  0.0
2.390591 0.074487  0.0
2.400551 0.074361  0.0
2.410511 0.074226  0.0
2.420470 0.074094  0.0
2.430430 0.073954  0.0
2.440390 0.073816  0.0
2.450350 0.073670  0.0
2.460310 0.073526  0.0
2.470270 0.073373  0.0
2.480230 0.073224  0.0
2.490190 0.073065  0.0
2.500150 0.072909  0.0
2.510110 0.072743  0.0
2.520070 0.072581  0.0
2.530030 0.072408  0.0
2.539990 0.072239  0.0
2.549950 0.072060  0.0
2.559910 0.071884  0.0
2.569870 0.071699  0.0
2.579830 0.071516  0.0
2.589790 0.071323  0.0
2.599750 0.071133  0.0
2.609710 0.070934  0.0
2.619670 0.070737  0.0
2.629630 0.070530  0.0
2.639590 0.070326  0.0
2.649550 0.070112  0.0
2.659510 0.069901  0.0
2.669469 0.069680  0.0
2.679429 0.069461  0.0
2.689389 0.069233  0.0
2.699349 0.069007  0.0
2.709309 0.068772  0.0
2.719269 0.068539  0.0
2.729229 0.068296  0.0
2.739189 0.068056  0.0
2.749149 0.067806  0.0
2.759109 0.067558  0.0
2.769069 0.067302  0.0
2.779029 0.067047  0.0
2.788989 0.066783  0.0
2.798949 0.066521  0.0
2.808909 0.066250  0.0
2.818869 0.065980  0.0
2.828829 0.065703  0.0
2.838789 0.065426  0.0
2.848749 0.065142  0.0
2.858709 0.064858  0.0
2.868669 0.064567  0.0
2.878629 0.064276  0.0
2.888589 0.063978  0.0
2.898549 0.063681  0.0
2.908509 0.063376  0.0
2.918468 0.063073  0.0
2.928428 0.062762  0.0
2.938388 0.062451  0.0
2.948348 0.062134  0.0
2.958308 0.061817  0.0
2.968268 0.061494  0.0
2.978228 0.061171  0.0
2.988188 0.060842  0.0
2.998148 0.060513  0.0
3.008108 0.060178  0.0
3.018068 0.059843  0.0
3.028028 0.059502  0.0
3.037988 0.059162  0.0
3.047948 0.058816  0.0
3.057908 0.058470  0.0
3.067868 0.058119  0.0
3.077828 0.057767  0.0
3.087788 0.057411  0.0
3.097748 0.057055  0.0
3.107708 0.056694  0.0
3.117668 0.056333  0.0
3.127628 0.055968  0.0
3.137588 0.055602  0.0
3.147548 0.055232  0.0
3.157508 0.054863  0.0
3.167467 0.054489  0.0
3.177427 0.054115  0.0
3.187387 0.053737  0.0
3.197347 0.053360  0.0
3.207307 0.052979  0.0
3.217267 0.052598  0.0
3.227227 0.052213  0.0
3.237187 0.051829  0.0
3.247147 0.051441  0.0
3.257107 0.051054  0.0
3.267067 0.050663  0.0
3.277027 0.050273  0.0
3.286987 0.049881  0.0
3.296947 0.049488  0.0
3.306907 0.049093  0.0
3.316867 0.048698  0.0
3.326827 0.048301  0.0
3.336787 0.047905  0.0
3.346747 0.047506  0.0
3.356707 0.047108  0.0
3.366667 0.046708  0.0
3.376627 0.046308  0.0
3.386587 0.045907  0.0
3.396547 0.045506  0.0
3.406507 0.045105  0.0
3.416466 0.044703  0.0
3.426426 0.044301  0.0
3.436386 0.043899  0.0
3.446346 0.043496  0.0
3.456306 0.043094  0.0
3.466266 0.042691  0.0
3.476226 0.042289  0.0
3.486186 0.041886  0.0
3.496146 0.041484  0.0
3.506106 0.041082  0.0
3.516066 0.040681  0.0
3.526026 0.040280  0.0
3.535986 0.039880  0.0
3.545946 0.039479  0.0
3.555906 0.039080  0.0
3.565866 0.038681  0.0
3.575826 0.038283  0.0
3.585786 0.037886  0.0
3.595746 0.037490  0.0
3.605706 0.037094  0.0
3.615666 0.036700  0.0
3.625626 0.036306  0.0
3.635586 0.035914  0.0
3.645546 0.035523  0.0
3.655506 0.035133  0.0
3.665465 0.034744  0.0
3.675425 0.034357  0.0
3.685385 0.033971  0.0
3.695345 0.033586  0.0
3.705305 0.033203  0.0
3.715265 0.032822  0.0
3.725225 0.032442  0.0
3.735185 0.032063  0.0
3.745145 0.031687  0.0
3.755105 0.031312  0.0
3.765065 0.030939  0.0
3.775025 0.030567  0.0
3.784985 0.030198  0.0
3.794945 0.029830  0.0
3.804905 0.029465  0.0
3.814865 0.029101  0.0
3.824825 0.028740  0.0
3.834785 0.028380  0.0
3.844745 0.028023  0.0
3.854705 0.027668  0.0
3.864665 0.027315  0.0
3.874625 0.026964  0.0
3.884585 0.026616  0.0
3.894545 0.026270  0.0
3.904505 0.025926  0.0
3.914464 0.025585  0.0
3.924424 0.025246  0.0
3.934384 0.024909  0.0
3.944344 0.024575  0.0
3.954304 0.024243  0.0
3.964264 0.023914  0.0
3.974224 0.023587  0.0
3.984184 0.023263  0.0
3.994144 0.022942  0.0
4.004104 0.022623  0.0
4.014064 0.022307  0.0
4.024024 0.021993  0.0
4.033984 0.021682  0.0
4.043944 0.021374  0.0
4.053904 0.021069  0.0
4.063864 0.020766  0.0
4.073824 0.020466  0.0
4.083784 0.020169  0.0
4.093744 0.019874  0.0
4.103704 0.019582  0.0
4.113664 0.019293  0.0
4.123624 0.019007  0.0
4.133584 0.018723  0.0
4.143544 0.018443  0.0
4.153504 0.018165  0.0
4.163463 0.017890  0.0
4.173423 0.017618  0.0
4.183383 0.017348  0.0
4.193343 0.017082  0.0
4.203303 0.016818  0.0
4.213263 0.016557  0.0
4.223223 0.016299  0.0
4.233183 0.016044  0.0
4.243143 0.015792  0.0
4.253103 0.015542  0.0
4.263063 0.015295  0.0
4.273023 0.015052  0.0
4.282983 0.014810  0.0
4.292943 0.014572  0.0
4.302903 0.014337  0.0
4.312863 0.014104  0.0
4.322823 0.013874  0.0
4.332783 0.013647  0.0
4.342743 0.013423  0.0
4.352703 0.013201  0.0
4.362663 0.012982  0.0
4.372623 0.012767  0.0
4.382583 0.012553  0.0
4.392543 0.012343  0.0
4.402503 0.012135  0.0
4.412462 0.011930  0.0
4.422422 0.011727  0.0
4.432382 0.011528  0.0
4.442342 0.011330  0.0
4.452302 0.011136  0.0
4.462262 0.010944  0.0
4.472222 0.010755  0.0
4.482182 0.010568  0.0
4.492142 0.010384  0.0
4.502102 0.010202  0.0
4.512062 0.010024  0.0
4.522022 0.009847  0.0
4.531982 0.009673  0.0
4.541942 0.009502  0.0
4.551902 0.009333  0.0
4.561862 0.009166  0.0
4.571822 0.009002  0.0
4.581782 0.008840  0.0
4.591742 0.008681  0.0
4.601702 0.008524  0.0
4.611662 0.008370  0.0
4.621622 0.008217  0.0
4.631582 0.008068  0.0
4.641542 0.007920  0.0
4.651502 0.007774  0.0
4.661461 0.007631  0.0
4.671421 0.007490  0.0
4.681381 0.007351  0.0
4.691341 0.007215  0.0
4.701301 0.007080  0.0
4.711261 0.006948  0.0
4.721221 0.006818  0.0
4.731181 0.006690  0.0
4.741141 0.006564  0.0
4.751101 0.006440  0.0
4.761061 0.006318  0.0
4.771021 0.006198  0.0
4.780981 0.006080  0.0
4.790941 0.005964  0.0
4.800901 0.005850  0.0
4.810861 0.005738  0.0
4.820821 0.005627  0.0
4.830781 0.005519  0.0
4.840741 0.005412  0.0
4.850701 0.005308  0.0
4.860661 0.005204  0.0
4.870621 0.005103  0.0
4.880581 0.005003  0.0
4.890541 0.004906  0.0
4.900501 0.004809  0.0
4.910460 0.004715  0.0
4.920420 0.004622  0.0
4.930380 0.004531  0.0
4.940340 0.004442  0.0
4.950300 0.004354  0.0
4.960260 0.004267  0.0
4.970220 0.004183  0.0
4.980180 0.004099  0.0
4.990140 0.004017  0.0
5.000100 0.003937  0.0
5.010060 0.003858  0.0
5.020020 0.003780  0.0
5.029980 0.003705  0.0
5.039940 0.003630  0.0
5.049900 0.003557  0.0
5.059860 0.003484  0.0
5.069820 0.003414  0.0
5.079780 0.003344  0.0
5.089740 0.003277  0.0
5.099700 0.003210  0.0
5.109660 0.003144  0.0
5.119620 0.003080  0.0
5.129580 0.003017  0.0
5.139540 0.002955  0.0
5.149499 0.002894  0.0
5.159459 0.002835  0.0
5.169419 0.002776  0.0
5.179379 0.002719  0.0
5.189339 0.002663  0.0
5.199299 0.002608  0.0
5.209259 0.002554  0.0
5.219219 0.002501  0.0
5.229179 0.002449  0.0
5.239139 0.002398  0.0
5.249099 0.002348  0.0
5.259059 0.002299  0.0
5.269019 0.002251  0.0
5.278979 0.002203  0.0
5.288939 0.002157  0.0
5.298899 0.002112  0.0
5.308859 0.002068  0.0
5.318819 0.002024  0.0
5.328779 0.001982  0.0
5.338739 0.001940  0.0
5.348699 0.001899  0.0
5.358659 0.001859  0.0
5.368619 0.001819  0.0
5.378579 0.001781  0.0
5.388539 0.001743  0.0
5.398498 0.001706  0.0
5.408458 0.001670  0.0
5.418418 0.001634  0.0
5.428378 0.001600  0.0
5.438338 0.001565  0.0
5.448298 0.001532  0.0
5.458258 0.001499  0.0
5.468218 0.001467  0.0
5.478178 0.001436  0.0
5.488138 0.001405  0.0
5.498098 0.001375  0.0
5.508058 0.001345  0.0
5.518018 0.001317  0.0
5.527978 0.001288  0.0
5.537938 0.001260  0.0
5.547898 0.001233  0.0
5.557858 0.001207  0.0
5.567818 0.001181  0.0
5.577778 0.001155  0.0
5.587738 0.001130  0.0
5.597698 0.001106  0.0
5.607658 0.001082  0.0
5.617618 0.001059  0.0
5.627578 0.001036  0.0
5.637538 0.001013  0.0
5.647497 0.000991  0.0
5.657457 0.000970  0.0
5.667417 0.000949  0.0
5.677377 0.000928  0.0
5.687337 0.000908  0.0
5.697297 0.000888  0.0
5.707257 0.000869  0.0
5.717217 0.000850  0.0
5.727177 0.000831  0.0
5.737137 0.000813  0.0
5.747097 0.000795  0.0
5.757057 0.000778  0.0
5.767017 0.000761  0.0
5.776977 0.000744  0.0
5.786937 0.000728  0.0
5.796897 0.000712  0.0
5.806857 0.000697  0.0
5.816817 0.000681  0.0
5.826777 0.000666  0.0
5.836737 0.000652  0.0
5.846697 0.000638  0.0
5.856657 0.000624  0.0
5.866617 0.000610  0.0
5.876577 0.000596  0.0
5.886537 0.000583  0.0
5.896496 0.000571  0.0
5.906456 0.000558  0.0
5.916416 0.000546  0.0
5.926376 0.000534  0.0
5.936336 0.000522  0.0
5.946296 0.000510  0.0
5.956256 0.000499  0.0
5.966216 0.000488  0.0
5.976176 0.000477  0.0
5.986136 0.000467  0.0
5.996096 0.000457  0.0
6.006056 0.000447  0.0
6.016016 0.000437  0.0
6.025976 0.000427  0.0
6.035936 0.000418  0.0
6.045896 0.000408  0.0
6.055856 0.000399  0.0
6.065816 0.000391  0.0
6.075776 0.000382  0.0
6.085736 0.000374  0.0
6.095696 0.000365  0.0
6.105656 0.000357  0.0
6.115616 0.000349  0.0
6.125576 0.000342  0.0
6.135536 0.000334  0.0
6.145495 0.000327  0.0
6.155455 0.000319  0.0
6.165415 0.000312  0.0
6.175375 0.000305  0.0
6.185335 0.000299  0.0
6.195295 0.000292  0.0
6.205255 0.000286  0.0
6.215215 0.000279  0.0
6.225175 0.000273  0.0
6.235135 0.000267  0.0
6.245095 0.000261  0.0
6.255055 0.000255  0.0
6.265015 0.000250  0.0
6.274975 0.000244  0.0
6.284935 0.000239  0.0
6.294895 0.000233  0.0
6.304855 0.000228  0.0
6.314815 0.000223  0.0
6.324775 0.000218  0.0
6.334735 0.000213  0.0
6.344695 0.000209  0.0
6.354655 0.000204  0.0
6.364615 0.000200  0.0
6.374575 0.000195  0.0
6.384535 0.000191  0.0
6.394494 0.000187  0.0
6.404454 0.000182  0.0
6.414414 0.000178  0.0
6.424374 0.000174  0.0
6.434334 0.000171  0.0
6.444294 0.000167  0.0
6.454254 0.000163  0.0
6.464214 0.000160  0.0
6.474174 0.000156  0.0
6.484134 0.000153  0.0
6.494094 0.000149  0.0
6.504054 0.000146  0.0
6.514014 0.000143  0.0
6.523974 0.000139  0.0
6.533934 0.000136  0.0
6.543894 0.000133  0.0
6.553854 0.000130  0.0
6.563814 0.000127  0.0
6.573774 0.000125  0.0
6.583734 0.000122  0.0
6.593694 0.000119  0.0
6.603654 0.000117  0.0
6.613614 0.000114  0.0
6.623574 0.000111  0.0
6.633534 0.000109  0.0
6.643493 0.000107  0.0
6.653453 0.000104  0.0
6.663413 0.000102  0.0
6.673373 0.000100  0.0
6.683333 0.000097  0.0
6.693293 0.000095  0.0
6.703253 0.000093  0.0
6.713213 0.000091  0.0
6.723173 0.000089  0.0
6.733133 0.000087  0.0
6.743093 0.000085  0.0
6.753053 0.000083  0.0
6.763013 0.000081  0.0
6.772973 0.000080  0.0
6.782933 0.000078  0.0
6.792893 0.000076  0.0
6.802853 0.000075  0.0
6.812813 0.000073  0.0
6.822773 0.000071  0.0
6.832733 0.000070  0.0
6.842693 0.000068  0.0
6.852653 0.000067  0.0
6.862613 0.000065  0.0
6.872573 0.000064  0.0
6.882533 0.000062  0.0
6.892492 0.000061  0.0
6.902452 0.000060  0.0
6.912412 0.000058  0.0
6.922372 0.000057  0.0
6.932332 0.000056  0.0
6.942292 0.000055  0.0
6.952252 0.000053  0.0
6.962212 0.000052  0.0
6.972172 0.000051  0.0
6.982132 0.000050  0.0
6.992092 0.000049  0.0
7.002052 0.000048  0.0
7.012012 0.000047  0.0
7.021972 0.000046  0.0
7.031932 0.000045  0.0
7.041892 0.000044  0.0
7.051852 0.000043  0.0
7.061812 0.000042  0.0
7.071772 0.000041  0.0
7.081732 0.000040  0.0
7.091692 0.000039  0.0
7.101652 0.000038  0.0
7.111612 0.000037  0.0
7.121572 0.000037  0.0
7.131532 0.000036  0.0
7.141491 0.000035  0.0
7.151451 0.000034  0.0
7.161411 0.000033  0.0
7.171371 0.000033  0.0
7.181331 0.000032  0.0
7.191291 0.000031  0.0
7.201251 0.000031  0.0
7.211211 0.000030  0.0
7.221171 0.000029  0.0
7.231131 0.000029  0.0
7.241091 0.000028  0.0
7.251051 0.000027  0.0
7.261011 0.000027  0.0
7.270971 0.000026  0.0
7.280931 0.000026  0.0
7.290891 0.000025  0.0
7.300851 0.000025  0.0
7.310811 0.000024  0.0
7.320771 0.000023  0.0
7.330731 0.000023  0.0
7.340691 0.000022  0.0
7.350651 0.000022  0.0
7.360611 0.000021  0.0
7.370571 0.000021  0.0
7.380531 0.000021  0.0
7.390490 0.000020  0.0
7.400450 0.000020  0.0
7.410410 0.000019  0.0
7.420370 0.000019  0.0
7.430330 0.000018  0.0
7.440290 0.000018  0.0
7.450250 0.000018  0.0
7.460210 0.000017  0.0
7.470170 0.000017  0.0
7.480130 0.000016  0.0
7.490090 0.000016  0.0
7.500050 0.000016  0.0
7.510010 0.000015  0.0
7.519970 0.000015  0.0
7.529930 0.000015  0.0
7.539890 0.000014  0.0
7.549850 0.000014  0.0
7.559810 0.000014  0.0
7.569770 0.000014  0.0
7.579730 0.000013  0.0
7.589690 0.000013  0.0
7.599650 0.000013  0.0
7.609610 0.000012  0.0
7.619570 0.000012  0.0
7.629530 0.000012  0.0
7.639489 0.000012  0.0
7.649449 0.000011  0.0
7.659409 0.000011  0.0
7.669369 0.000011  0.0
7.679329 0.000011  0.0
7.689289 0.000010  0.0
7.699249 0.000010  0.0
7.709209 0.000010  0.0
7.719169 0.000010  0.0
7.729129 0.000010  0.0
7.739089 0.000009  0.0
7.749049 0.000009  0.0
7.759009 0.000009  0.0
7.768969 0.000009  0.0
7.778929 0.000009  0.0
7.788889 0.000008  0.0
7.798849 0.000008  0.0
7.808809 0.000008  0.0
7.818769 0.000008  0.0
7.828729 0.000008  0.0
7.838689 0.000007  0.0
7.848649 0.000007  0.0
7.858609 0.000007  0.0
7.868569 0.000007  0.0
7.878529 0.000007  0.0
7.888488 0.000007  0.0
7.898448 0.000007  0.0
7.908408 0.000006  0.0
7.918368 0.000006  0.0
7.928328 0.000006  0.0
7.938288 0.000006  0.0
7.948248 0.000006  0.0
7.958208 0.000006  0.0
7.968168 0.000006  0.0
7.978128 0.000006  0.0
7.988088 0.000005  0.0
7.998048 0.000005  0.0
8.008008 0.000005  0.0
8.017968 0.000005  0.0
8.027928 0.000005  0.0
8.037888 0.000005  0.0
8.047848 0.000005  0.0
8.057808 0.000005  0.0
8.067768 0.000005  0.0
8.077728 0.000004  0.0
8.087688 0.000004  0.0
8.097648 0.000004  0.0
8.107608 0.000004  0.0
8.117568 0.000004  0.0
8.127528 0.000004  0.0
8.137487 0.000004  0.0
8.147447 0.000004  0.0
8.157407 0.000004  0.0
8.167367 0.000004  0.0
8.177327 0.000004  0.0
8.187287 0.000004  0.0
8.197247 0.000003  0.0
8.207207 0.000003  0.0
8.217167 0.000003  0.0
8.227127 0.000003  0.0
8.237087 0.000003  0.0
8.247047 0.000003  0.0
8.257007 0.000003  0.0
8.266967 0.000003  0.0
8.276927 0.000003  0.0
8.286887 0.000003  0.0
8.296847 0.000003  0.0
8.306807 0.000003  0.0
8.316767 0.000003  0.0
8.326727 0.000003  0.0
8.336687 0.000003  0.0
8.346647 0.000002  0.0
8.356607 0.000002  0.0
8.366567 0.000002  0.0
8.376527 0.000002  0.0
8.386486 0.000002  0.0
8.396446 0.000002  0.0
8.406406 0.000002  0.0
8.416366 0.000002  0.0
8.426326 0.000002  0.0
8.436286 0.000002  0.0
8.446246 0.000002  0.0
8.456206 0.000002  0.0
8.466166 0.000002  0.0
8.476126 0.000002  0.0
8.486086 0.000002  0.0
8.496046 0.000002  0.0
8.506006 0.000002  0.0
8.515966 0.000002  0.0
8.525926 0.000002  0.0
8.535886 0.000002  0.0
8.545846 0.000002  0.0
8.555806 0.000002  0.0
8.565766 0.000002  0.0
8.575726 0.000002  0.0
8.585686 0.000001  0.0
8.595646 0.000001  0.0
8.605606 0.000001  0.0
8.615566 0.000001  0.0
8.625526 0.000001  0.0
8.635485 0.000001  0.0
8.645445 0.000001  0.0
8.655405 0.000001  0.0
8.665365 0.000001  0.0
8.675325 0.000001  0.0
8.685285 0.000001  0.0
8.695245 0.000001  0.0
8.705205 0.000001  0.0
8.715165 0.000001  0.0
8.725125 0.000001  0.0
8.735085 0.000001  0.0
8.745045 0.000001  0.0
8.755005 0.000001  0.0
8.764965 0.000001  0.0
8.774925 0.000001  0.0
8.784885 0.000001  0.0
8.794845 0.000001  0.0
8.804805 0.000001  0.0
8.814765 0.000001  0.0
8.824725 0.000001  0.0
8.834685 0.000001  0.0
8.844645 0.000001  0.0
8.854605 0.000001  0.0
8.864565 0.000001  0.0
8.874525 0.000001  0.0
8.884484 0.000001  0.0
8.894444 0.000001  0.0
8.904404 0.000001  0.0
8.914364 0.000001  0.0
8.924324 0.000001  0.0
8.934284 0.000001  0.0
8.944244 0.000001  0.0
8.954204 0.000001  0.0
8.964164 0.000001  0.0
8.974124 0.000001  0.0
8.984084 0.000001  0.0
8.994044 0.000001  0.0
9.004004 0.000001  0.0
9.013964 0.000001  0.0
9.023924 0.000001  0.0
9.033884 0.000001  0.0
9.043844 0.000001  0.0
9.053804 0.000001  0.0
9.063764 0.000001  0.0
9.073724 0.000001  0.0
9.083684 0.000001  0.0
9.093644 0.000001  0.0
9.103604 0.000000  0.0
9.113564 0.000000  0.0
9.123524 0.000000  0.0
9.133483 0.000000  0.0
9.143443 0.000000  0.0
9.153403 0.000000  0.0
9.163363 0.000000  0.0
9.173323 0.000000  0.0
9.183283 0.000000  0.0
9.193243 0.000000  0.0
9.203203 0.000000  0.0
9.213163 0.000000  0.0
9.223123 0.000000  0.0
9.233083 0.000000  0.0
9.243043 0.000000  0.0
9.253003 0.000000  0.0
9.262963 0.000000  0.0
9.272923 0.000000  0.0
9.282883 0.000000  0.0
9.292843 0.000000  0.0
9.302803 0.000000  0.0
9.312763 0.000000  0.0
9.322723 0.000000  0.0
9.332683 0.000000  0.0
9.342643 0.000000  0.0
9.352603 0.000000  0.0
9.362563 0.000000  0.0
9.372523 0.000000  0.0
9.382482 0.000000  0.0
9.392442 0.000000  0.0
9.402402 0.000000  0.0
9.412362 0.000000  0.0
9.422322 0.000000  0.0
9.432282 0.000000  0.0
9.442242 0.000000  0.0
9.452202 0.000000  0.0
9.462162 0.000000  0.0
9.472122 0.000000  0.0
9.482082 0.000000  0.0
9.492042 0.000000  0.0
9.502002 0.000000  0.0
9.511962 0.000000  0.0
9.521922 0.000000  0.0
9.531882 0.000000  0.0
9.541842 0.000000  0.0
9.551802 0.000000  0.0
9.561762 0.000000  0.0
9.571722 0.000000  0.0
9.581682 0.000000  0.0
9.591642 0.000000  0.0
9.601602 0.000000  0.0
9.611562 0.000000  0.0
9.621522 0.000000  0.0
9.631481 0.000000  0.0
9.641441 0.000000  0.0
9.651401 0.000000  0.0
9.661361 0.000000  0.0
9.671321 0.000000  0.0
9.681281 0.000000  0.0
9.691241 0.000000  0.0
9.701201 0.000000  0.0
9.711161 0.000000  0.0
9.721121 0.000000  0.0
9.731081 0.000000  0.0
9.741041 0.000000  0.0
9.751001 0.000000  0.0
9.760961 0.000000  0.0
9.770921 0.000000  0.0
9.780881 0.000000  0.0
9.790841 0.000000  0.0
9.800801 0.000000  0.0
9.810761 0.000000  0.0
9.820721 0.000000  0.0
9.830681 0.000000  0.0
9.840641 0.000000  0.0
9.850601 0.000000  0.0
9.860561 0.000000  0.0
9.870521 0.000000  0.0
9.880480 0.000000  0.0
9.890440 0.000000  0.0
9.900400 0.000000  0.0
9.910360 0.000000  0.0
9.920320 0.000000  0.0
9.930280 0.000000  0.0
9.940240 0.000000  0.0
9.950200 0.000000  0.0
9.960160 0.000000  0.0
9.970120 0.000000  0.0
9.980080 0.000000  0.0
9.990040 0.000000  0.0
10.000000 0.00000  0.00
